1.000000000 0.000000000 0.000000000 0.000000000 0.000000000 1.000000000 0.000000000 0.000000000 0.000000000 0.000000000 1.000000000 0.000000000
0.999041736 -0.000547081 0.043767478 0.045862291 0.000650894 0.999997139 -0.002357706 -0.020227751 -0.043766066 0.002383934 0.999038875 1.027198792
0.996028781 -0.004649223 0.088910013 0.138793305 0.005324836 0.999958694 -0.007363170 -0.039038245 -0.088872105 0.007807360 0.996012449 2.051869154
0.990865231 -0.004035006 0.134795725 0.269152343 0.005642480 0.999917448 -0.011545351 -0.060226656 -0.134738013 0.012200467 0.990806222 3.060979605
0.983535051 -0.001247979 0.180713251 0.450612426 0.003752011 0.999901652 -0.013515218 -0.093322501 -0.180678606 0.013970729 0.983442962 4.086412430
0.973991811 -0.003783512 0.226551697 0.685541511 0.007011618 0.999885023 -0.013445853 -0.124788143 -0.226474747 0.014684645 0.973906338 5.089632511
0.962311029 -0.004289884 0.271917403 0.958574474 0.008623655 0.999854028 -0.014744849 -0.153771967 -0.271814436 0.016534047 0.962207615 6.099432468
0.948760331 -0.006978055 0.315919518 1.284771681 0.013124568 0.999763608 -0.017332466 -0.188132197 -0.315723956 0.020590659 0.948627651 7.085374832
0.933585405 -0.008498059 0.358254194 1.657253027 0.016483586 0.999678969 -0.019241935 -0.219103307 -0.357975721 0.023869304 0.933425784 8.041157722
0.916341066 -0.008570793 0.400306851 2.068649530 0.018124277 0.999634087 -0.020085499 -0.251920372 -0.399988174 0.025660446 0.916161001 8.970235825
0.896778643 -0.008854839 0.442390889 2.514572620 0.019045770 0.999645531 -0.018599248 -0.286263227 -0.442069381 0.025105080 0.896629453 9.880105972
0.874987245 -0.009038431 0.484061569 3.011128902 0.020029889 0.999645472 -0.017540473 -0.330119342 -0.483731419 0.025043393 0.874858141 10.766342163
0.850984275 -0.009154003 0.525111318 3.548525810 0.020849567 0.999648750 -0.016361993 -0.363279134 -0.524777055 0.024872141 0.850876331 11.645688057
0.825498343 -0.009781652 0.564319551 4.142692089 0.023002582 0.999602079 -0.016322019 -0.404751748 -0.563935459 0.026454605 0.825395107 12.498694420
0.798243642 -0.011483723 0.602225304 4.753916740 0.026378211 0.999525487 -0.015904285 -0.437488854 -0.601756930 0.028581122 0.798167765 13.299225807
0.769416451 -0.010260678 0.638665020 5.424851418 0.026942162 0.999502599 -0.016400089 -0.469210804 -0.638179064 0.029825518 0.769309998 14.124975204
0.738826692 -0.013393560 0.673762381 6.101597786 0.031612162 0.999390721 -0.014798250 -0.503095150 -0.673153639 0.032232426 0.738799810 14.858753204
0.706842422 -0.012800349 0.707255244 6.846417427 0.032315645 0.999376714 -0.014209429 -0.534542620 -0.706632495 0.032899227 0.706815481 15.595269203
0.672700286 -0.011304788 0.739828825 7.597102165 0.033029035 0.999345481 -0.014761862 -0.568404615 -0.739177525 0.034366135 0.672633231 16.278915405
0.637155354 -0.012708086 0.770630598 8.396097183 0.038098067 0.999161065 -0.015022716 -0.595640540 -0.769793212 0.038931340 0.637104988 16.937610626
0.600506186 -0.011076245 0.799543262 9.189222336 0.038335562 0.999153018 -0.014950879 -0.623653889 -0.798700631 0.039629042 0.600422204 17.528779984
0.562533915 -0.009796804 0.826716185 10.039836884 0.041115962 0.999023974 -0.016138406 -0.654118896 -0.825751185 0.043069627 0.562387705 18.113544464
0.523462892 -0.007892409 0.852011979 10.885309219 0.045677304 0.998778999 -0.018811472 -0.677605510 -0.850823224 0.048764709 0.523184299 18.636100769
0.484829009 -0.007042353 0.874580503 11.780160904 0.047197986 0.998721063 -0.018122518 -0.706591964 -0.873334467 0.050064754 0.484541416 19.124120712
0.446330994 -0.008717283 0.894825399 12.682641983 0.052597489 0.998479307 -0.016508097 -0.729329944 -0.893320739 0.054433651 0.446110845 19.572734833
0.409647673 -0.009390501 0.912195504 13.613529205 0.056226145 0.998305798 -0.014973016 -0.758998871 -0.910509408 0.057422888 0.409481645 19.974693298
0.374609321 -0.006906867 0.927157044 14.551179886 0.057765067 0.998203456 -0.015903316 -0.784250617 -0.925381660 0.059514806 0.374335408 20.345443726
0.341133505 -0.007774393 0.939982712 15.523237228 0.058119480 0.998227119 -0.012836289 -0.808904350 -0.938216448 0.059010189 0.340980560 20.694639206
0.307515174 -0.009292436 0.951497734 16.520507812 0.060559932 0.998116195 -0.009824686 -0.830208182 -0.949614227 0.060643882 0.307498634 21.015874863
0.275030464 -0.009271268 0.961390793 17.507989883 0.061075233 0.998102248 -0.007846842 -0.852750897 -0.959493637 0.060875293 0.275074869 21.287328720
0.242658973 -0.006377673 0.970090628 18.510377884 0.058326710 0.998265207 -0.008026973 -0.875025272 -0.968356669 0.058530018 0.242610037 21.544139862
0.211784497 -0.004820704 0.977304518 19.543304443 0.058287241 0.998270035 -0.007706884 -0.888897657 -0.975576699 0.058596592 0.211699128 21.768587112
0.181210563 -0.004686738 0.983433127 20.578044891 0.059927065 0.998182952 -0.006285322 -0.908947051 -0.981616735 0.060073234 0.181162134 21.956809998
0.150611416 -0.004786834 0.988581479 21.657562256 0.061789010 0.998078704 -0.004580800 -0.921184301 -0.986660182 0.061773397 0.150617823 22.111236572
0.120102271 -0.005459033 0.992746532 22.740858078 0.060264915 0.998180807 -0.001801923 -0.934585035 -0.990930676 0.060044199 0.120212786 22.243991852
0.091228999 -0.005958692 0.995812058 23.831647873 0.060939215 0.998141348 0.000389825 -0.948423505 -0.993963540 0.060648445 0.091422565 22.330408096
0.064153820 -0.005682568 0.997923851 24.954938889 0.063718617 0.997966647 0.001586514 -0.952936947 -0.995903730 0.063484527 0.064385459 22.392284393
0.039436981 -0.005039836 0.999209285 26.074699402 0.068017334 0.997681320 0.002347608 -0.958062530 -0.996904373 0.067870960 0.039688341 22.418296814
0.016604358 -0.004579670 0.999851644 27.253456116 0.072210893 0.997383714 0.003369172 -0.960444808 -0.997251093 0.072144248 0.016891615 22.428464890
-0.003237205 -0.004646462 0.999983966 28.407751083 0.077960618 0.996944487 0.004884717 -0.959338009 -0.996951163 0.077975176 -0.002865073 22.412399292
-0.020625763 -0.005480090 0.999772370 29.597597122 0.082268618 0.996584475 0.007159858 -0.962574542 -0.996396720 0.082397573 -0.020104481 22.373685837
-0.036040641 -0.005160788 0.999336958 30.808046341 0.085351512 0.996316969 0.008223355 -0.957074881 -0.995698869 0.085591294 -0.035467416 22.317998886
-0.050644632 -0.005758712 0.998700142 32.012855530 0.087657861 0.996098518 0.010188888 -0.952593684 -0.994862437 0.088059932 -0.049942248 22.264484406
-0.063372865 -0.006630516 0.997967899 33.221805573 0.088088676 0.996037781 0.012211490 -0.946965456 -0.994094670 0.088683546 -0.062537678 22.170602798
-0.075247012 -0.006494176 0.997143805 34.427219391 0.087804541 0.996051431 0.013113016 -0.942818046 -0.993291557 0.088540465 -0.074379683 22.075155258
-0.086642660 -0.003793626 0.996232212 35.655849457 0.087733023 0.996078551 0.011423213 -0.940023184 -0.992368877 0.088392220 -0.085970066 21.976650238
-0.096863739 -0.000480478 0.995297551 36.886718750 0.088006094 0.996078968 0.009045728 -0.932564080 -0.991399109 0.088468447 -0.096441634 21.862102509
-0.105959587 0.002180302 0.994368196 38.144554138 0.089352258 0.995973051 0.007337533 -0.926100612 -0.990347803 0.089626528 -0.105727725 21.728063583
-0.113329291 0.003399105 0.993551672 39.439132690 0.089312673 0.995980561 0.006780020 -0.916132212 -0.989535093 0.089505129 -0.113177367 21.582027435
-0.119017564 0.003911756 0.992884457 40.744613647 0.088959239 0.996012449 0.006739510 -0.913522899 -0.988898873 0.089128368 -0.118890956 21.427925110
-0.124220654 0.005516553 0.992239296 42.064029694 0.090345256 0.995893776 0.005773653 -0.907890022 -0.988133013 0.090361312 -0.124208972 21.265020370
-0.128937095 0.007045195 0.991627753 43.401054382 0.088971511 0.996024013 0.004492155 -0.903245151 -0.987653434 0.088805825 -0.129051268 21.096887589
-0.133406147 0.007753330 0.991031110 44.778060913 0.089620709 0.995966852 0.004272216 -0.898967683 -0.987001002 0.089386858 -0.133562967 20.925741196
-0.136575893 0.007204679 0.990603387 46.166557312 0.089290515 0.995992720 0.005066736 -0.891094029 -0.986597300 0.089143500 -0.136671901 20.747030258
-0.138979644 0.005145029 0.990281820 47.587882996 0.090043545 0.995909750 0.007462760 -0.891417503 -0.986193061 0.090205669 -0.138874486 20.547080994
-0.140488729 0.003961716 0.990074456 49.009010315 0.090183064 0.995886207 0.008811747 -0.886100054 -0.985966504 0.090525888 -0.140268058 20.328231812
-0.142561510 0.004786958 0.989774287 50.436061859 0.092979126 0.995631099 0.008576906 -0.880944610 -0.985409081 0.093251087 -0.142383769 20.134311676
-0.143760845 0.004765491 0.989601076 51.928462982 0.092442162 0.995680630 0.008634447 -0.862398624 -0.985285401 0.092722148 -0.143580437 19.903713226
-0.144508958 0.006491888 0.989482224 53.400970459 0.094715469 0.995477617 0.007301496 -0.847675085 -0.984959960 0.094774388 -0.144470319 19.693935394
-0.144176349 0.006622682 0.989529788 54.888629913 0.094342612 0.995514572 0.007083158 -0.839460611 -0.985044479 0.094376050 -0.144154444 19.472179413
-0.143484131 0.008082615 0.989619613 56.399452209 0.094077788 0.995549560 0.005509214 -0.832875252 -0.985170841 0.093891710 -0.143605947 19.256977081
-0.142384410 0.008234970 0.989777148 57.937530518 0.094728947 0.995488763 0.005344742 -0.824077904 -0.985267997 0.094521560 -0.142522156 19.039262772
-0.140301883 0.006930099 0.990084529 59.504688263 0.093909480 0.995560527 0.006339202 -0.821461976 -0.985645175 0.093867734 -0.140329853 18.808565140
-0.139208257 0.007666168 0.990233421 61.084953308 0.095032461 0.995458126 0.005653169 -0.817609191 -0.985692561 0.094891295 -0.139304549 18.585842133
-0.138043761 0.008416137 0.990390360 62.706451416 0.094122514 0.995549738 0.004659116 -0.801638782 -0.985943615 0.093861192 -0.138221577 18.371772766
-0.136814103 0.009005996 0.990555823 64.317085266 0.095056362 0.995463550 0.004078430 -0.798710823 -0.986025453 0.094716616 -0.137049556 18.144512177
-0.135326326 0.008717787 0.990762770 65.947052002 0.094572552 0.995509267 0.004157926 -0.796473503 -0.986277223 0.094261624 -0.135543108 17.916233063
-0.134050682 0.007496463 0.990946114 67.602058411 0.096667595 0.995301366 0.005547347 -0.783809066 -0.986248314 0.096536018 -0.134145483 17.675220490
-0.133222654 0.005413344 0.991071284 69.260681152 0.098266177 0.995129764 0.007773709 -0.781778336 -0.986202598 0.098424420 -0.133105770 17.451755524
-0.133209974 0.006724490 0.991065025 71.039169312 0.099456348 0.995019913 0.006616696 -0.770542145 -0.986084938 0.099449120 -0.133215368 17.206462860
-0.132149279 0.008506411 0.991193295 72.722084045 0.101517126 0.994821250 0.004997067 -0.769112468 -0.986017644 0.101283468 -0.132328466 16.978698730
-0.131521970 0.008355015 0.991278052 74.429634094 0.100776426 0.994896531 0.004985420 -0.766452909 -0.986177444 0.100553170 -0.131692737 16.753202438
-0.131201372 0.008437288 0.991319835 76.148468018 0.101374820 0.994835913 0.004949761 -0.762675047 -0.986158907 0.101144277 -0.131379217 16.526889801
-0.131007329 0.007243481 0.991354942 77.876266479 0.101184845 0.994848847 0.006102546 -0.762364566 -0.986204207 0.101109587 -0.131065428 16.297729492
-0.131032199 0.007408944 0.991350353 79.602432251 0.102683984 0.994695008 0.006138356 -0.760987222 -0.986046076 0.102600127 -0.131097794 16.079360962
-0.130688369 0.007395422 0.991395891 81.372749329 0.103735514 0.994585216 0.006255474 -0.751443923 -0.985981405 0.103660487 -0.130747944 15.839553833
-0.130888492 0.008417938 0.991361380 83.125022888 0.104026072 0.994560421 0.005289360 -0.746746778 -0.985924244 0.103819743 -0.131052226 15.607472420
-0.130838037 0.009568946 0.991357565 84.933570862 0.103803590 0.994589388 0.004099720 -0.738896370 -0.985954463 0.103442878 -0.131123409 15.349076271
-0.132076055 0.010188643 0.991187215 86.721000671 0.102926955 0.994682789 0.003490483 -0.743252158 -0.985881329 0.102480888 -0.132422507 15.120336533
-0.133615270 0.010625443 0.990976334 88.522766113 0.102129176 0.994766295 0.003104195 -0.752495408 -0.985756814 0.101622351 -0.134001121 14.892167091
-0.134545982 0.009791352 0.990858912 90.339530945 0.101034872 0.994875312 0.003888201 -0.757447064 -0.985743046 0.100634433 -0.134845719 14.651903152
-0.135726318 0.009565393 0.990700126 92.178970337 0.101118669 0.994865417 0.004247693 -0.758504391 -0.985572636 0.100754812 -0.135996655 14.410663605
-0.136275336 0.008637580 0.990633368 94.036941528 0.098531671 0.995121956 0.004877680 -0.757372022 -0.985758841 0.098273478 -0.136461645 14.161682129
-0.137986213 0.009364360 0.990389884 95.858047485 0.098306790 0.995146930 0.004287271 -0.763532639 -0.985543251 0.097953647 -0.138237149 13.917511940
-0.140521154 0.010284686 0.990024209 97.735054016 0.097706549 0.995209038 0.003529635 -0.763437688 -0.985244751 0.097227849 -0.140852794 13.651780128
-0.144604519 0.011057355 0.989427745 99.605293274 0.097965643 0.995184660 0.003195953 -0.763350606 -0.984627962 0.097392075 -0.144991443 13.379768372
-0.149154782 0.010069475 0.988762498 101.486640930 0.095912948 0.995380282 0.004331594 -0.767154396 -0.984151125 0.095481202 -0.149431527 13.102555275
-0.153823584 0.009233812 0.988055170 103.384437561 0.094342329 0.995525241 0.005383895 -0.770172834 -0.983584106 0.094043590 -0.154006451 12.814459801
-0.158479705 0.009954195 0.987312078 105.292457581 0.092952020 0.995658755 0.004881970 -0.776051164 -0.982977152 0.092546336 -0.158716947 12.516710281
-0.162852958 0.011921882 0.986578345 107.219413757 0.093374632 0.995625317 0.003381997 -0.772805035 -0.982222021 0.092672154 -0.163253725 12.189275742
-0.167476863 0.013518845 0.985783279 109.144592285 0.093255378 0.995639801 0.002189348 -0.786395311 -0.981455445 0.092296265 -0.168007389 11.872213364
-0.172322199 0.013560329 0.984947443 111.080924988 0.092087328 0.995748162 0.002402180 -0.797184467 -0.980726779 0.091115110 -0.172838211 11.544511795
-0.177094549 0.013374286 0.984102905 113.037757874 0.090218619 0.995918334 0.002700459 -0.802830994 -0.980050027 0.089262635 -0.177578315 11.198898315
-0.181618780 0.012879319 0.983284712 115.005043030 0.088466801 0.996073663 0.003293537 -0.806436062 -0.979381561 0.087586217 -0.182045087 10.832000732
-0.187670559 0.012080754 0.982157707 116.941719055 0.087249570 0.996176660 0.004418438 -0.811501503 -0.978349268 0.086522035 -0.188007087 10.483896255
-0.192666501 0.011883198 0.981192291 118.918365479 0.088089325 0.996098757 0.005233450 -0.817338586 -0.977302432 0.087440871 -0.192961633 10.092845917
-0.197800964 0.013414798 0.980150402 120.862442017 0.088127203 0.996100605 0.004151564 -0.822157621 -0.976272702 0.087199092 -0.198211864 9.707181931
-0.203166589 0.014660565 0.979034364 122.825424194 0.087938510 0.996120334 0.003332342 -0.827172637 -0.975187182 0.086771853 -0.203667566 9.308307648
-0.209152803 0.014632091 0.977773488 124.824501038 0.088581018 0.996060789 0.004042363 -0.828988910 -0.973862648 0.087457642 -0.209625050 8.894529343
-0.214692339 0.014524164 0.976573706 126.810081482 0.087434977 0.996160507 0.004406453 -0.831907451 -0.972760141 0.086332753 -0.215137944 8.466787338
-0.220020086 0.015252030 0.975376129 128.798675537 0.086637095 0.996231973 0.003964970 -0.834251523 -0.971640587 0.085376106 -0.220512420 8.025602341
-0.225504801 0.015940377 0.974111617 130.808624268 0.085866228 0.996300280 0.003574383 -0.839059770 -0.970450640 0.084449328 -0.226039246 7.579710007
-0.229915917 0.015335003 0.973089635 132.799484253 0.087270878 0.996172488 0.004921086 -0.845225453 -0.969289660 0.086053826 -0.230374217 7.115718842
-0.233689502 0.015393035 0.972189426 134.804260254 0.089451976 0.995974660 0.005732338 -0.838989317 -0.968187690 0.088303857 -0.234125763 6.630710602
-0.237189025 0.016175322 0.971328795 136.801940918 0.090709478 0.995861828 0.005566502 -0.841236115 -0.967219293 0.089429036 -0.237674743 6.143018723
-0.240420371 0.017016284 0.970519722 138.798522949 0.091171831 0.995822132 0.005125467 -0.840271771 -0.966377676 0.089716315 -0.240967229 5.653373718
-0.244086832 0.017055945 0.969603479 140.833953857 0.090455435 0.995886683 0.005252860 -0.844315290 -0.965525508 0.088988058 -0.244625598 5.153686523
-0.247882470 0.017595092 0.968630254 142.842437744 0.089364380 0.995987475 0.004777235 -0.853277504 -0.964659631 0.087745227 -0.248460248 4.638313293
-0.252497435 0.018486615 0.967420936 144.869110107 0.088649236 0.996054471 0.004103724 -0.860258579 -0.963528097 0.086797319 -0.253140002 4.118618011
-0.256517202 0.017676780 0.966377974 146.899383545 0.086330272 0.996255457 0.004692385 -0.866961360 -0.962676406 0.084631369 -0.257082701 3.585956573
-0.260952026 0.017960589 0.965184629 148.928405762 0.086742401 0.996218681 0.004914018 -0.873139620 -0.961446702 0.085004739 -0.261523247 3.040779114
-0.265720308 0.018292515 0.963876605 150.982162476 0.086165316 0.996269047 0.004846687 -0.881291389 -0.960191786 0.084340595 -0.266305119 2.484783173
-0.270705312 0.018560216 0.962483346 153.035064697 0.085644849 0.996313810 0.004875632 -0.883725047 -0.958844960 0.083751597 -0.271297008 1.924697876
-0.275369525 0.017682305 0.961175799 155.077407837 0.085532300 0.996316254 0.006175593 -0.897645175 -0.957525909 0.083912164 -0.275867611 1.353225708
-0.280102938 0.017878950 0.959803462 157.138412476 0.086161353 0.996259570 0.006586739 -0.897864699 -0.956095457 0.084542923 -0.280595660 0.771327972
-0.284632921 0.018450210 0.958459020 159.220214844 0.086601414 0.996221483 0.006540828 -0.901848674 -0.954716861 0.084865630 -0.285155296 0.173061371
-0.288344145 0.019873606 0.957320511 161.286499023 0.087143168 0.996180236 0.005567130 -0.901357651 -0.953553200 0.085029177 -0.288974553 -0.442611694
-0.291848481 0.021260563 0.956228256 163.347625732 0.087118812 0.996188045 0.004440328 -0.909210324 -0.952488720 0.084601372 -0.292588085 -1.067283630
-0.295699358 0.022512751 0.955015659 165.428695679 0.087949365 0.996117890 0.003749906 -0.917218924 -0.951223850 0.085101895 -0.296531379 -1.689476013
-0.299215168 0.023085305 0.953906298 167.518676758 0.087376006 0.996169865 0.003299411 -0.925972342 -0.950176716 0.084335752 -0.300086141 -2.335395813
-0.303012222 0.023000270 0.952709079 169.616149902 0.087586768 0.996149540 0.003808241 -0.937618494 -0.948953331 0.084598638 -0.303860068 -2.990886688
-0.307008862 0.023357531 0.951419950 171.709899902 0.087427676 0.996163785 0.003755593 -0.940852761 -0.947682321 0.084333427 -0.307873249 -3.652374268
-0.311727196 0.024132002 0.949865162 173.831558228 0.089216411 0.996004343 0.003974883 -0.947598338 -0.945973873 0.085982621 -0.312634617 -4.333946228
-0.314450741 0.024596967 0.948954999 175.927978516 0.091478482 0.995796800 0.004501672 -0.954645038 -0.944855750 0.088224515 -0.315379053 -5.033676147
-0.316817373 0.024375573 0.948173285 177.987274170 0.092590198 0.995689988 0.005340447 -0.960078001 -0.943956375 0.089483507 -0.317708790 -5.716850281
-0.319755316 0.024093641 0.947193682 180.089889526 0.092364252 0.995708108 0.005852792 -0.958923459 -0.942987502 0.089358307 -0.320608318 -6.425815582
-0.322345406 0.024575802 0.946302950 182.183715820 0.091480173 0.995792806 0.005300432 -0.965751052 -0.942191482 0.088276535 -0.323237479 -7.139305115
-0.324971914 0.026777409 0.945344388 184.289657593 0.091142766 0.995832860 0.003123750 -0.970576942 -0.941321433 0.087176442 -0.326058388 -7.863109589
-0.328157067 0.028822619 0.944183290 186.415695190 0.090699442 0.995877683 0.001122519 -0.975987077 -0.940258682 0.086005293 -0.329418421 -8.595870972
-0.331252694 0.029601600 0.943077624 188.539962769 0.089836262 0.995956421 0.000293285 -0.996548176 -0.939255595 0.084819712 -0.332572579 -9.338748932
-0.335166663 0.030890999 0.941652238 190.705734253 0.088321678 0.996091247 -0.001240127 -1.006817341 -0.938009918 0.082752682 -0.336584806 -10.091331482
-0.338467032 0.030969139 0.940468490 192.841827393 0.089085110 0.996023655 -0.000737532 -1.026253343 -0.936751783 0.083532117 -0.339880109 -10.867012024
-0.342667371 0.029821094 0.938983381 195.019622803 0.088268690 0.996096551 0.000577338 -1.041438818 -0.935300887 0.083080664 -0.343962044 -11.638839722
-0.346261203 0.029229918 0.937682688 197.179138184 0.088418819 0.996082246 0.001600341 -1.057648778 -0.933962166 0.083462939 -0.347489059 -12.433731079
-0.350134492 0.029521324 0.936234117 199.335235596 0.088437550 0.996080339 0.001665637 -1.065156341 -0.932515204 0.083381452 -0.351372868 -13.234165192
-0.353699386 0.029843515 0.934882939 201.491485596 0.087757297 0.996140897 0.001402699 -1.076640129 -0.931233287 0.082538933 -0.354953438 -14.041099548
-0.357821852 0.030095112 0.933304787 203.659988403 0.086620554 0.996240795 0.001085126 -1.097568274 -0.929763615 0.081231654 -0.359083652 -14.864490509
-0.361456424 0.030667815 0.931884527 205.837722778 0.086108573 0.996285498 0.000612301 -1.110667467 -0.928404331 0.080464557 -0.362754583 -15.692005157
-0.364338547 0.031289343 0.930740774 207.940673828 0.087697618 0.996146798 0.000841092 -1.138652682 -0.927128136 0.081930190 -0.365678668 -16.509399414
-0.366652012 0.031198649 0.929834902 210.081726074 0.088775046 0.996050358 0.001585361 -1.158075333 -0.926113009 0.083127402 -0.367973566 -17.357849121
-0.368988574 0.030915830 0.928919613 212.254135132 0.090154909 0.995924115 0.002665798 -1.171515942 -0.925051093 0.084730320 -0.370271862 -18.228088379
-0.371454537 0.031929716 0.927901924 214.432952881 0.091743223 0.995779574 0.002460903 -1.186794996 -0.923907280 0.086042821 -0.372816265 -19.104671478
-0.374207467 0.032684259 0.926768839 216.627105713 0.091741018 0.995781064 0.001924763 -1.205190301 -0.922795951 0.085742980 -0.375627190 -19.984603882
-0.377185345 0.032845523 0.925555170 218.809234619 0.091077529 0.995842218 0.001776417 -1.222595334 -0.921648562 0.084967330 -0.378608644 -20.862567902
-0.380175501 0.034018338 0.924288571 220.983520508 0.090787381 0.995869994 0.000689511 -1.244834185 -0.920447767 0.084175892 -0.381693810 -21.750469208
-0.382975489 0.035206068 0.923087418 223.173019409 0.090689830 0.995879114 -0.000356427 -1.261772513 -0.919296026 0.083578154 -0.384590060 -22.652759552
-0.385439724 0.035129979 0.922064066 225.346206665 0.088421084 0.996082723 -0.000988390 -1.284165621 -0.918486774 0.081148937 -0.387036055 -23.550247192
-0.388705254 0.036270533 0.920647979 227.523330688 0.089458607 0.995989382 -0.001468583 -1.306529284 -0.917008936 0.081789017 -0.390391052 -24.460067749
-0.391078740 0.035828762 0.919659555 229.673812866 0.091035806 0.995847642 -0.000084608 -1.334814787 -0.915843785 0.083688863 -0.392716616 -25.378139496
-0.393558651 0.034690127 0.918644726 231.838500977 0.091190413 0.995832324 0.001462185 -1.359852791 -0.914765477 0.084347039 -0.395081878 -26.302021027
-0.396900028 0.034221251 0.917223692 233.968734741 0.089874491 0.995951593 0.001731851 -1.375599623 -0.913451016 0.083122388 -0.398368865 -27.215950012
-0.399998605 0.034686875 0.915859163 236.104415894 0.088708274 0.996057153 0.001018796 -1.397643328 -0.912212670 0.081651784 -0.401498407 -28.142127991
-0.403594315 0.034049705 0.914304256 238.289901733 0.087151751 0.996194124 0.001371355 -1.417521715 -0.910777807 0.080236703 -0.405025691 -29.093307495
-0.407126486 0.033546545 0.912755549 240.448501587 0.086517639 0.996248364 0.001975271 -1.439074755 -0.909264863 0.079773664 -0.408501416 -30.041130066
-0.410704255 0.033699937 0.911145627 242.596206665 0.086295195 0.996267498 0.002049787 -1.466207385 -0.907675624 0.079469353 -0.412079334 -31.007064819
-0.414394140 0.033368386 0.909485638 244.750610352 0.085818850 0.996307492 0.002548317 -1.485828400 -0.906042218 0.079107024 -0.415727526 -31.979942322
-0.418522745 0.033210617 0.907598913 246.917419434 0.084558979 0.996415257 0.002532277 -1.502386332 -0.904261291 0.077805452 -0.419830710 -32.954544067
-0.422427803 0.033033367 0.905794442 249.042221069 0.083842970 0.996475101 0.002760751 -1.519478321 -0.902510464 0.077110700 -0.423708409 -33.932319641
-0.426003456 0.034057111 0.904080272 251.200195312 0.084485352 0.996422112 0.002273898 -1.542027235 -0.900768161 0.077350229 -0.427356601 -34.934135437
-0.429453820 0.034569222 0.902426958 253.326187134 0.085174195 0.996363282 0.002365706 -1.567225456 -0.899063289 0.077879451 -0.430836350 -35.938293457
-0.432821393 0.034579959 0.900816202 255.474411011 0.084907070 0.996385634 0.002547261 -1.584419727 -0.897472143 0.077588171 -0.434193134 -36.961669922
-0.436528116 0.034797825 0.899017334 257.597991943 0.083887093 0.996472836 0.002162335 -1.605335951 -0.895771265 0.076359868 -0.437907577 -37.978149414
-0.440326184 0.035237044 0.897146165 259.727661133 0.084141389 0.996451497 0.002159784 -1.621115446 -0.893886507 0.076438114 -0.441728562 -39.015594482
-0.443802506 0.035796888 0.895409405 261.855072021 0.084568746 0.996415615 0.002080875 -1.628105044 -0.892125428 0.076647133 -0.445238918 -40.060096741
-0.447082937 0.037320316 0.893713593 263.973602295 0.086340651 0.996264338 0.001589461 -1.643338680 -0.890315711 0.077874430 -0.448635161 -41.113563538
-0.450479895 0.039094754 0.891930163 266.103271484 0.088226527 0.996099949 0.000899159 -1.661963105 -0.888416529 0.079096951 -0.452172220 -42.185508728
-0.453455269 0.039901212 0.890385449 268.240875244 0.089917906 0.995948434 0.001161521 -1.682389855 -0.886731684 0.080588281 -0.455205947 -43.274353027
-0.456234336 0.042226017 0.888857245 270.362335205 0.091805488 0.995776951 -0.000183244 -1.692323804 -0.885111272 0.081518352 -0.458184212 -44.367568970
-0.458503664 0.044265416 0.887589455 272.473388672 0.093376338 0.995629907 -0.001417986 -1.717489123 -0.883773327 0.082229666 -0.460633218 -45.447952271
-0.461813211 0.044940799 0.885837913 274.625396729 0.094282784 0.995544553 -0.001354122 -1.735357523 -0.881951988 0.082893915 -0.463992834 -46.540847778
-0.464754760 0.046256255 0.884230316 276.783660889 0.094912224 0.995483160 -0.002189945 -1.753622293 -0.880337834 0.082906492 -0.467045814 -47.656867981
-0.468022227 0.046130933 0.882511973 278.944641113 0.093889847 0.995580196 -0.002248699 -1.769951224 -0.878714919 0.081806451 -0.470284879 -48.794624329
-0.470995933 0.047704965 0.880844474 281.098083496 0.095150076 0.995458305 -0.003034601 -1.788578272 -0.876988769 0.082383141 -0.473395854 -49.939491272
-0.473995954 0.047993656 0.879218221 283.256622314 0.094467893 0.995522082 -0.003413654 -1.806543231 -0.875444829 0.081439823 -0.476407349 -51.104064941
-0.476538032 0.047906488 0.877847672 285.408691406 0.093157351 0.995644212 -0.003764684 -1.826155663 -0.874204338 0.079983927 -0.478925139 -52.263259888
-0.478824049 0.048920937 0.876546800 287.569396973 0.095041357 0.995466590 -0.003640505 -1.843871236 -0.872751236 0.081565022 -0.481302887 -53.445098877
-0.480823815 0.048748586 0.875461102 289.755737305 0.096760362 0.995305240 -0.002278832 -1.873891830 -0.871462107 0.083614208 -0.483283252 -54.631843567
-0.483186185 0.049216039 0.874133229 291.944488525 0.097922318 0.995192230 -0.001904412 -1.891381979 -0.870024323 0.084676966 -0.485682487 -55.828147888
-0.484141976 0.049094252 0.873610973 294.104400635 0.098227777 0.995162845 -0.001488752 -1.908666134 -0.869458377 0.085092105 -0.486622542 -57.034065247
-0.486981481 0.048447944 0.872067571 296.329284668 0.097505309 0.995234787 -0.000841433 -1.916050792 -0.867952645 0.084621459 -0.489384770 -58.248664856
-0.489207000 0.049392775 0.870767951 298.553955078 0.099393062 0.995047927 -0.000602221 -1.921955466 -0.866485715 0.086253688 -0.491693854 -59.503501892
-0.491764694 0.049340449 0.869329035 300.768890381 0.099754810 0.995012045 -0.000044221 -1.932725668 -0.864995062 0.086698003 -0.494233817 -60.747093201
-0.493888676 0.049822934 0.868096590 302.980346680 0.098696575 0.995117128 -0.000961342 -1.947304726 -0.863905668 0.085203364 -0.496394366 -61.991584778
-0.496466517 0.052541871 0.866464257 305.194122314 0.098860987 0.995094299 -0.003696574 -1.969061613 -0.862407982 0.083824292 -0.499225438 -63.247962952
-0.499991238 0.051730804 0.864484012 307.422485352 0.096989684 0.995279372 -0.003461718 -1.989759445 -0.860582113 0.082115211 -0.502648354 -64.525947571
-0.504301250 0.049674410 0.862097859 309.620056152 0.094466813 0.995525777 -0.002102325 -2.010229111 -0.858345091 0.080379419 -0.506737471 -65.786384583
-0.509610057 0.046729624 0.859135568 311.846862793 0.091901265 0.995768070 0.000351455 -2.035520792 -0.855483353 0.079134770 -0.511747956 -67.070213318
-0.514469087 0.045264382 0.856313407 314.079833984 0.090611294 0.995884717 0.001796760 -2.048675776 -0.852708101 0.078516059 -0.516453385 -68.392494202
-0.519499898 0.045464043 0.853260100 316.350860596 0.090913154 0.995856106 0.002289731 -2.057238102 -0.849620104 0.078762099 -0.521480560 -69.737251282
-0.524053752 0.047525160 0.850358248 318.616149902 0.093541153 0.995613396 0.002003764 -2.062655449 -0.846532643 0.080593549 -0.526200593 -71.113410950
-0.527594626 0.048421245 0.848115146 320.862182617 0.094368510 0.995535612 0.001866778 -2.071751356 -0.844238400 0.081020266 -0.529808640 -72.513656616
-0.532180190 0.048443452 0.845243990 323.125061035 0.095241904 0.995449901 0.002913734 -2.090300083 -0.841256917 0.082053289 -0.534372509 -73.913520813
-0.535932302 0.047234431 0.842938542 325.328613281 0.095494308 0.995417714 0.004935696 -2.102048874 -0.838842869 0.083141021 -0.537987113 -75.324455261
-0.539450824 0.045513794 0.840786099 327.544799805 0.093578309 0.995592952 0.006146254 -2.104220629 -0.836800992 0.081994951 -0.541332543 -76.753746033
-0.543842971 0.045118801 0.837973177 329.768920898 0.092707589 0.995671809 0.006557300 -2.115660429 -0.834050417 0.081252605 -0.545671999 -78.170143127
-0.547777414 0.045020871 0.835411906 331.976776123 0.092797630 0.995659053 0.007190465 -2.121764183 -0.831461668 0.081463024 -0.549577355 -79.610092163
-0.551782608 0.045279671 0.832758009 334.188842773 0.094072625 0.995531499 0.008202014 -2.128011465 -0.828665316 0.082865462 -0.553576469 -81.053527832
-0.556189835 0.044782292 0.829847753 336.420593262 0.094326653 0.995495975 0.009499274 -2.125675201 -0.825684667 0.083560161 -0.557909012 -82.526634216
-0.559443951 0.043915056 0.827703893 338.647521973 0.092970319 0.995618522 0.010014522 -2.124420404 -0.823637664 0.082554460 -0.561075687 -84.024322510
-0.562810957 0.043005906 0.825466037 340.874603271 0.092620514 0.995637536 0.011277935 -2.118725061 -0.821379960 0.082802430 -0.564339042 -85.528594971
-0.565260231 0.042576227 0.823813140 343.073211670 0.093524262 0.995535672 0.012720592 -2.118660450 -0.819593847 0.084236957 -0.566718698 -87.030929565
-0.568043888 0.041873422 0.821932316 345.292175293 0.091145717 0.995761991 0.012262320 -2.112427711 -0.817935586 0.081881143 -0.569453120 -88.560195923
-0.571003735 0.041202232 0.819912851 347.445709229 0.087361343 0.996118426 0.010783280 -2.103976727 -0.816285968 0.077785976 -0.572386742 -90.033538818
-0.574412823 0.040593415 0.817558646 349.609619141 0.084166169 0.996404886 0.009661263 -2.100292206 -0.814227223 0.074360333 -0.575764358 -91.515502930
-0.577034891 0.037828408 0.815842986 351.773803711 0.082062371 0.996556938 0.011833991 -2.103219986 -0.812586308 0.073778637 -0.578152418 -93.046989441
-0.580304563 0.037470505 0.813537061 353.953155518 0.083135165 0.996448100 0.013406042 -2.097022057 -0.810144961 0.075413130 -0.581358552 -94.579254150
-0.583030164 0.037951775 0.811563611 356.145141602 0.082868755 0.996476531 0.012934203 -2.085952759 -0.808213174 0.074794292 -0.584120929 -96.144851685
-0.586336553 0.036640365 0.809238434 358.353698730 0.080742262 0.996645272 0.013376404 -2.082033634 -0.806033492 0.073182829 -0.587328017 -97.710197449
-0.589977324 0.032823946 0.806752324 360.546081543 0.078172207 0.996801496 0.016610876 -2.074036598 -0.803626716 0.072865658 -0.590656102 -99.277725220
-0.593179047 0.030623304 0.804487944 362.739715576 0.076098591 0.996934891 0.018161416 -2.054270744 -0.801465929 0.071993366 -0.593691230 -100.868347168
-0.596372426 0.029960535 0.802148521 364.946411133 0.074939504 0.997016907 0.018476242 -2.030930996 -0.799202085 0.071131334 -0.596838593 -102.475410461
-0.599513590 0.029683094 0.799813926 367.107269287 0.074041404 0.997083664 0.018494682 -2.012549877 -0.796932340 0.070307165 -0.599963009 -104.065307617
-0.602135837 0.029565524 0.797846079 369.261444092 0.074082732 0.997071743 0.018962191 -1.993278027 -0.794949234 0.070524417 -0.602562904 -105.666473389
-0.605501294 0.028459799 0.795335293 371.403686523 0.073507369 0.997088313 0.020283097 -1.978386402 -0.792442322 0.070744440 -0.605830312 -107.254997253
-0.608569860 0.027063958 0.793038547 373.562469482 0.070448272 0.997314334 0.020026034 -1.960471630 -0.790366828 0.068055429 -0.608842075 -108.874938965
-0.611791968 0.023432285 0.790671468 375.712799072 0.060351133 0.998030365 0.017119888 -1.943933487 -0.788713038 0.058191732 -0.612001121 -110.498329163
-0.615601361 0.026194079 0.787622392 377.867736816 0.053162232 0.998551011 0.008342347 -1.941622496 -0.786262512 0.047007322 -0.616101801 -112.124839783
-0.618225217 0.036459066 0.785154939 380.000244141 0.063359700 0.997984409 0.003547058 -1.951236486 -0.783443093 0.051940072 -0.619289219 -113.784545898
-0.619242907 0.037564311 0.784300447 382.128509521 0.070936278 0.997446835 0.008234582 -1.965946436 -0.781988680 0.060734566 -0.620326519 -115.451026917
-0.621450722 0.028461924 0.782936096 384.258636475 0.070202298 0.997342765 0.019466432 -1.954808235 -0.780301630 0.067061335 -0.621797502 -117.127136230
-0.625055075 0.017793532 0.780377805 386.402160645 0.063841976 0.997556150 0.028389713 -1.914413452 -0.777965486 0.067566000 -0.624663532 -118.793647766
-0.628508985 0.011595973 0.777715862 388.518493652 0.057805076 0.997820020 0.031837221 -1.865736961 -0.775651276 0.064965904 -0.627809227 -120.459297180
-0.631568313 0.010976092 0.775242448 390.614105225 0.056299403 0.997909367 0.031736888 -1.812310219 -0.773273408 0.063689701 -0.630865932 -122.128883362
-0.633704662 0.016593076 0.773397088 392.703155518 0.062224459 0.997623682 0.029581545 -1.769213676 -0.771068454 0.066870183 -0.633231282 -123.833816528
-0.635970533 0.022938168 0.771372378 394.753387451 0.066546030 0.997464955 0.025203507 -1.727876663 -0.768838823 0.067360446 -0.635884762 -125.501594543
-0.638608038 0.026182722 0.769086659 396.838592529 0.067686185 0.997458577 0.022245562 -1.694159508 -0.766549587 0.066262729 -0.638757408 -127.212768555
-0.641676009 0.026092021 0.766531825 398.910278320 0.068131514 0.997409284 0.023083100 -1.671463013 -0.763943672 0.067036830 -0.641791344 -128.929412842
-0.644814372 0.025235577 0.763922632 400.954223633 0.068584785 0.997333407 0.024945144 -1.635680199 -0.761255920 0.068478435 -0.644825518 -130.626129150
-0.647160709 0.024801489 0.761950195 402.996582031 0.069367036 0.997240365 0.026456550 -1.595048904 -0.759191215 0.069975860 -0.647095025 -132.351181030
-0.648973167 0.024895238 0.760403872 405.074279785 0.069618843 0.997214437 0.026768502 -1.554762840 -0.757619321 0.070310473 -0.648898602 -134.096771240
-0.650626004 0.024690542 0.758996785 407.130676270 0.069658414 0.997197926 0.027273128 -1.515861511 -0.756196737 0.070615120 -0.650522828 -135.836853027
-0.651957512 0.026074640 0.757807076 409.188049316 0.071265884 0.997091770 0.027003597 -1.474574089 -0.754899085 0.071610987 -0.651919663 -137.574874878
-0.652488053 0.025178889 0.757380545 411.213867188 0.071694732 0.997015893 0.028619949 -1.423562050 -0.754399836 0.072974354 -0.652346134 -139.325698853
-0.654029548 0.024609277 0.756068587 413.272186279 0.073740706 0.996784866 0.031344324 -1.381517410 -0.752866268 0.076253153 -0.653741419 -141.071929932
-0.655375898 0.024292838 0.754912138 415.312927246 0.075457953 0.996588051 0.033438820 -1.330526352 -0.751524210 0.078879111 -0.654973030 -142.825088501
-0.656991422 0.024425395 0.753502309 417.353393555 0.073560447 0.996782780 0.031827066 -1.266352654 -0.750300705 0.076338075 -0.656674445 -144.566986084
-0.658673644 0.024346776 0.752034724 419.366821289 0.069716260 0.997151613 0.028779026 -1.217840195 -0.749192059 0.071385026 -0.658494771 -146.302337646
-0.660172403 0.023848103 0.750735462 421.378082275 0.066955060 0.997385323 0.027194843 -1.171741486 -0.748123944 0.068218820 -0.660043001 -148.045532227
-0.661901891 0.022941748 0.749239504 423.393371582 0.066003561 0.997433007 0.027768195 -1.128495216 -0.746679068 0.067832291 -0.661716938 -149.782470703
-0.663321435 0.021604437 0.748022616 425.347900391 0.063865438 0.997570753 0.027821826 -1.092078209 -0.745604277 0.066227607 -0.663089812 -151.492706299
-0.664118290 0.020622261 0.747343063 427.356079102 0.061320219 0.997753978 0.026959421 -1.050681114 -0.745108545 0.063731477 -0.663891196 -153.261138916
-0.665584981 0.019644525 0.746063530 429.365539551 0.059617747 0.997858405 0.026912218 -1.008497238 -0.743937075 0.062390987 -0.665330708 -155.009429932
-0.666277409 0.018391849 0.745477140 431.351074219 0.060442533 0.997738421 0.029405648 -0.967165947 -0.743250370 0.064650841 -0.665882230 -156.761688232
-0.666564643 0.017605722 0.745239258 433.346008301 0.063055761 0.997469723 0.032834508 -0.913144112 -0.742775559 0.068877958 -0.665988147 -158.517547607
-0.665839732 0.016461885 0.745913148 435.347808838 0.067634709 0.996972024 0.038371529 -0.850814819 -0.743022859 0.075998895 -0.664936960 -160.289611816
-0.665038109 0.015443679 0.746649861 437.356323242 0.070721775 0.996595383 0.042378064 -0.776340485 -0.743453264 0.080987416 -0.663866043 -162.048645020
-0.663826346 0.012829271 0.747776687 439.345520020 0.064891994 0.997070193 0.040500522 -0.700658798 -0.745066166 0.075410023 -0.662713885 -163.784606934
-0.663111925 0.012068782 0.748422921 441.343383789 0.057553120 0.997732103 0.034903727 -0.628532410 -0.746304333 0.066219151 -0.662302673 -165.525390625
-0.661176145 0.009769323 0.750167072 443.336364746 0.052919783 0.998031735 0.033644777 -0.576366425 -0.748361945 0.061943796 -0.660391808 -167.272125244
-0.658415258 0.009443130 0.752595782 445.347656250 0.050873663 0.998192847 0.031982545 -0.520167351 -0.750933588 0.059345096 -0.657705665 -169.015960693
-0.655690551 0.010429827 0.754957736 447.353393555 0.052821107 0.998088360 0.032087091 -0.462617874 -0.753179848 0.060916904 -0.654987991 -170.748519897
-0.653339982 0.010408154 0.756993055 449.355590820 0.053574093 0.998034358 0.032516014 -0.408333778 -0.755166531 0.061799217 -0.652613401 -172.449371338
-0.649613738 0.011440986 0.760178208 451.345153809 0.051957827 0.998217106 0.029377228 -0.359996796 -0.758486927 0.058581062 -0.649049878 -174.166091919
-0.648451328 0.006633102 0.761227131 453.372802734 0.044697884 0.998568594 0.029374676 -0.306266785 -0.759942591 0.053073294 -0.647819698 -175.859985352
-0.647653341 -0.000014013 0.761935115 455.399353027 0.035693195 0.998901606 0.030357983 -0.266504288 -0.761098623 0.046857350 -0.646941483 -177.539062500
-0.647360146 -0.003251726 0.762177289 457.437438965 0.028652353 0.999180257 0.028598927 -0.221057892 -0.761645496 0.040351976 -0.646736324 -179.225067139
-0.646048844 -0.003996809 0.763285637 459.463287354 0.026802052 0.999250770 0.027917786 -0.178277016 -0.762825370 0.038493868 -0.645457745 -180.928161621
-0.644762278 -0.003618288 0.764374733 461.494995117 0.029187381 0.999143004 0.029349633 -0.133158684 -0.763825715 0.041233625 -0.644104183 -182.626983643
-0.643726885 -0.004808178 0.765240252 463.535095215 0.030170592 0.999043345 0.031656981 -0.082504272 -0.764660358 0.043466203 -0.642965972 -184.299316406
-0.642345130 -0.006908978 0.766384363 465.543487549 0.029169383 0.999014497 0.033454463 -0.026443481 -0.765860260 0.043844268 -0.641510546 -185.971466064
-0.641562700 -0.007077572 0.767037928 467.598144531 0.027157569 0.999120891 0.031934068 0.029130936 -0.766589701 0.041318581 -0.640806556 -187.651885986
-0.640730858 -0.006306357 0.767739654 469.617767334 0.025495889 0.999239981 0.029486004 0.083432198 -0.767342150 0.038466793 -0.640083075 -189.302841187
-0.639770806 -0.004965252 0.768549740 471.672180176 0.026325263 0.999250710 0.028369889 0.124136925 -0.768114805 0.038382497 -0.639160752 -190.994857788
-0.638669968 -0.004168050 0.769469440 473.697143555 0.028658831 0.999162674 0.029199470 0.169640541 -0.768946767 0.040700924 -0.638015807 -192.659240723
