1.000000000 0.000000000 0.000000000 0.000000000 0.000000000 1.000000000 0.000000000 0.000000000 0.000000000 0.000000000 1.000000000 0.000000000
0.999038577 -0.000374724 0.043840844 0.044822950 0.000479640 0.999997139 -0.002382613 -0.020192243 -0.043839827 0.002401350 0.999035656 1.026887178
0.996029794 -0.004628273 0.088899672 0.139072359 0.005302563 0.999958932 -0.007350190 -0.038584836 -0.088861994 0.007792403 0.996013463 2.052184820
0.990856469 -0.003994612 0.134861007 0.269463956 0.005596837 0.999918163 -0.011503529 -0.060302973 -0.134804010 0.012153141 0.990797758 3.059752941
0.983522713 -0.001199513 0.180780694 0.449908912 0.003710514 0.999901235 -0.013552222 -0.093115956 -0.180746600 0.013999707 0.983429968 4.091285706
0.973976612 -0.003719764 0.226618066 0.685783446 0.006966966 0.999884129 -0.013530822 -0.123221010 -0.226541489 0.014757545 0.973889709 5.094399929
0.962303221 -0.004102687 0.271947891 0.958719075 0.008477609 0.999852777 -0.014914426 -0.152023122 -0.271846652 0.016657667 0.962196350 6.105349541
0.948750019 -0.006972562 0.315950632 1.284908533 0.013170770 0.999760449 -0.017486518 -0.185214520 -0.315753043 0.020751650 0.948614478 7.090849400
0.933587968 -0.008548342 0.358246386 1.659390450 0.016598534 0.999674082 -0.019401826 -0.216187447 -0.357963741 0.024059679 0.933425486 8.045942307
0.916324794 -0.008599386 0.400343508 2.073015690 0.018239915 0.999628007 -0.020276329 -0.247354075 -0.400020331 0.025881935 0.916140795 8.983150482
0.896757722 -0.009010393 0.442430139 2.517578125 0.019290466 0.999638200 -0.018741356 -0.282060534 -0.442101181 0.025341138 0.896607220 9.897167206
0.874973595 -0.009031834 0.484086424 3.014152288 0.020120582 0.999640584 -0.017716652 -0.326627165 -0.483752429 0.025241703 0.874840796 10.774507523
0.850989580 -0.009166053 0.525102794 3.551024437 0.020984128 0.999642670 -0.016557703 -0.359036684 -0.524763405 0.025109254 0.850877762 11.655059814
0.825471342 -0.009663070 0.564361274 4.147616386 0.022992188 0.999599338 -0.016514590 -0.400113702 -0.563975513 0.026608229 0.825362742 12.509832382
0.798189580 -0.011309185 0.602300107 4.757713318 0.026242498 0.999527395 -0.016009707 -0.433613300 -0.601834476 0.028584644 0.798109174 13.308498383
0.769315779 -0.010152427 0.638787985 5.420562744 0.026893921 0.999502063 -0.016503982 -0.464974254 -0.638302386 0.029876282 0.769205749 14.122430801
0.738786936 -0.013361815 0.673806489 6.098634720 0.031691372 0.999386191 -0.014929449 -0.498712659 -0.673193514 0.032383539 0.738756895 14.854631424
0.706725597 -0.012468796 0.707377851 6.841316223 0.032171424 0.999376833 -0.014525967 -0.527466059 -0.706755936 0.033023223 0.706686318 15.592780113
0.672670245 -0.011032105 0.739860058 7.587901115 0.033065520 0.999338210 -0.015161508 -0.559814155 -0.739203155 0.034662560 0.672589958 16.268478394
0.637188315 -0.012543320 0.770606101 8.388914108 0.038232043 0.999150932 -0.015349397 -0.587706506 -0.769759297 0.039242301 0.637126863 16.928552628
0.600526690 -0.010864397 0.799530983 9.180028915 0.038499933 0.999140799 -0.015340464 -0.615825117 -0.798677266 0.039994244 0.600429058 17.518083572
0.562736094 -0.009652083 0.826580226 10.036990166 0.041388243 0.999006689 -0.016511602 -0.645778656 -0.825599849 0.043502372 0.562576652 18.102499008
0.523681521 -0.007762793 0.851878703 10.877694130 0.045838591 0.998766601 -0.019077364 -0.670974135 -0.850680113 0.049039379 0.523391426 18.623607635
0.485291451 -0.006958364 0.874324739 11.781152725 0.047734760 0.998687863 -0.018546922 -0.697687507 -0.873048484 0.050736338 0.484986812 19.107433319
0.446830362 -0.008765264 0.894575834 12.679563522 0.053114999 0.998447895 -0.016747300 -0.723812819 -0.893040657 0.054998588 0.446602404 19.548801422
0.410070717 -0.009422279 0.912005067 13.617328644 0.056973033 0.998258352 -0.015303757 -0.752039075 -0.910272479 0.058235321 0.409893334 19.954261780
0.374959290 -0.006986525 0.927014947 14.558082581 0.058469292 0.998158932 -0.016126974 -0.778899670 -0.925195575 0.060248867 0.374677449 20.328533173
0.341400176 -0.007839771 0.939885259 15.531698227 0.058728367 0.998189390 -0.013006161 -0.803784013 -0.938081443 0.059638239 0.341242403 20.680440903
0.307874888 -0.009329477 0.951381028 16.530982971 0.061220385 0.998073936 -0.010024068 -0.826168060 -0.949455142 0.061330084 0.307853013 20.997386932
0.275426179 -0.009349936 0.961276770 17.515651703 0.061913583 0.998049200 -0.008031947 -0.849407434 -0.959326386 0.061728287 0.275467783 21.268329620
0.243239641 -0.006484308 0.969944417 18.516380310 0.059214909 0.998211861 -0.008176450 -0.872674584 -0.968157053 0.059424032 0.243188635 21.521963120
0.212492973 -0.004937434 0.977150083 19.551025391 0.059214231 0.998214662 -0.007832970 -0.887068808 -0.975366950 0.059525643 0.212405905 21.745048523
0.181963176 -0.004829075 0.983293474 20.581836700 0.061005708 0.998116970 -0.006387525 -0.906989634 -0.981411099 0.061148819 0.181915134 21.937133789
0.151280254 -0.004893213 0.988478780 21.664236069 0.062793970 0.998015523 -0.004669784 -0.919327974 -0.986494422 0.062776946 0.151287287 22.091953278
0.120727293 -0.005504516 0.992670417 22.744949341 0.061244261 0.998120904 -0.001913707 -0.931289971 -0.990794659 0.061026402 0.120837547 22.225940704
0.091670722 -0.005975791 0.995771587 23.831279755 0.061939303 0.998079896 0.000287512 -0.944763243 -0.993861079 0.061651029 0.091864839 22.318981171
0.064528286 -0.005785956 0.997899115 24.951179504 0.064542651 0.997913778 0.001612444 -0.951355577 -0.995826423 0.064303003 0.064767100 22.383590698
0.039520293 -0.005152749 0.999205410 26.077537537 0.068772934 0.997629404 0.002424533 -0.956665099 -0.996849239 0.068622485 0.039780974 22.418317795
0.017021041 -0.004766284 0.999843776 27.254312515 0.073028013 0.997323692 0.003511063 -0.960084558 -0.997184575 0.072956853 0.017323563 22.424116135
-0.002952128 -0.004791136 0.999984145 28.407360077 0.078803934 0.996877551 0.005008894 -0.959432840 -0.996885777 0.078817457 -0.002565349 22.412122726
-0.020252345 -0.005536394 0.999779582 29.598171234 0.083190762 0.996507585 0.007203455 -0.961606383 -0.996327817 0.083318315 -0.019721042 22.371362686
-0.035729494 -0.005412170 0.999346852 30.808038712 0.086282000 0.996234596 0.008480142 -0.960041821 -0.995629787 0.086528637 -0.035127982 22.314590454
-0.050189510 -0.005968413 0.998721898 32.015262604 0.088541083 0.996018350 0.010401776 -0.955124855 -0.994807243 0.088949986 -0.049461219 22.259952545
-0.063103333 -0.006902937 0.997983217 33.218730927 0.088900246 0.995961905 0.012510201 -0.951202989 -0.994039595 0.089510404 -0.062234856 22.172340393
-0.075004406 -0.006821216 0.997159839 34.421741486 0.088663407 0.995970368 0.013482168 -0.948775053 -0.993233681 0.089422800 -0.074097402 22.078351974
-0.086461134 -0.004068504 0.996246934 35.645503998 0.088567093 0.996001005 0.011753957 -0.944623113 -0.992310584 0.089250959 -0.085755028 21.981512070
-0.096708700 -0.000740995 0.995312452 36.874011993 0.088873401 0.995998800 0.009376817 -0.937090516 -0.991336942 0.089363612 -0.096255884 21.866235733
-0.106103465 0.001674540 0.994353712 38.143142700 0.090136625 0.995897710 0.007940977 -0.936330736 -0.990261316 0.090470254 -0.105819143 21.734687805
-0.113424063 0.002776189 0.993542731 39.431694031 0.090007797 0.995912790 0.007492589 -0.926944733 -0.989461243 0.090276435 -0.113210373 21.589673996
-0.119158313 0.003490736 0.992869139 40.745918274 0.089689516 0.995943308 0.007262464 -0.919013381 -0.988816023 0.089915335 -0.118988007 21.433475494
-0.124339424 0.005201835 0.992226064 42.073375702 0.091017574 0.995829999 0.006185011 -0.911222398 -0.988056421 0.091079056 -0.124294393 21.271089554
-0.128968015 0.006689057 0.991626143 43.413722992 0.089757539 0.995951295 0.004955373 -0.905768514 -0.987578213 0.089645006 -0.129046291 21.101198196
-0.133470029 0.007535317 0.991024137 44.794845581 0.090543337 0.995881677 0.004622024 -0.900258839 -0.986908138 0.090347536 -0.133602679 20.928070068
-0.136676535 0.006642375 0.990593433 46.179767609 0.090082087 0.995917737 0.005750948 -0.895872176 -0.986511409 0.090020746 -0.136716977 20.749649048
-0.139448091 0.004897587 0.990217268 47.604743958 0.090795100 0.995838523 0.007860897 -0.890789628 -0.986058116 0.091003053 -0.139312476 20.555849075
-0.141422361 0.003543179 0.989943027 49.028278351 0.090536147 0.995849013 0.009369596 -0.885479569 -0.985800624 0.090950720 -0.141156122 20.344411850
-0.143817022 0.004130844 0.989595711 50.459232330 0.093148001 0.995607972 0.009381174 -0.881750464 -0.985210657 0.093528047 -0.143570185 20.151805878
-0.145157099 0.004427641 0.989398718 51.934249878 0.092371866 0.995683014 0.009096336 -0.856859684 -0.985087216 0.092712969 -0.144939452 19.925836563
-0.146035701 0.006199848 0.989259839 53.405662537 0.094430752 0.995501578 0.007701010 -0.841878474 -0.984762132 0.094541170 -0.145964220 19.715393066
-0.146043167 0.006218185 0.989258587 54.899410248 0.094024740 0.995540679 0.007623098 -0.833849907 -0.984799862 0.094128087 -0.145976558 19.493995667
-0.145557493 0.007697141 0.989319801 56.415676117 0.093670323 0.995584905 0.006035722 -0.825348318 -0.984905541 0.093548462 -0.145635799 19.275358200
-0.144328862 0.007785828 0.989499092 57.959606171 0.094388217 0.995517731 0.005934328 -0.816841006 -0.985017836 0.094253562 -0.144416809 19.047304153
-0.143243760 0.005983277 0.989669442 59.513183594 0.093307748 0.995609164 0.007486080 -0.822293103 -0.985279083 0.093416139 -0.143173099 18.839328766
-0.142292559 0.006843092 0.989800990 61.094135284 0.094241410 0.995527029 0.006665346 -0.813781261 -0.985328019 0.094228677 -0.142300963 18.611045837
-0.141566962 0.007270366 0.989901900 62.713924408 0.093350768 0.995614946 0.006037865 -0.801592231 -0.985517442 0.093262866 -0.141624853 18.401899338
-0.140492424 0.007848793 0.990050614 64.322631836 0.094454005 0.995513976 0.005511320 -0.797842741 -0.985566020 0.094288543 -0.140603513 18.169181824
-0.139362499 0.007736886 0.990211248 65.961395264 0.093884550 0.995568275 0.005434586 -0.790268064 -0.985780835 0.093722902 -0.139471263 17.934799194
-0.138614103 0.006281219 0.990326464 67.597702026 0.095313489 0.995422423 0.007027303 -0.776260734 -0.985749185 0.095365554 -0.138578266 17.703330994
-0.137386471 0.004354950 0.990507901 69.255348206 0.097109944 0.995232105 0.009093723 -0.772080362 -0.985745788 0.097437523 -0.137154326 17.468894958
-0.137722015 0.005682442 0.990454614 71.012420654 0.098301493 0.995124876 0.007959517 -0.757245004 -0.985580802 0.098459356 -0.137609199 17.230405807
-0.136881262 0.007648509 0.990557969 72.700897217 0.100419015 0.994925916 0.006194267 -0.751294136 -0.985484481 0.100318722 -0.136954784 16.994926453
-0.136086315 0.007420282 0.990669191 74.419708252 0.099481173 0.995020032 0.006212668 -0.746256709 -0.985689521 0.099398382 -0.136146843 16.756469727
-0.135174975 0.007206867 0.990795612 76.132858276 0.100357249 0.994930446 0.006454870 -0.744175434 -0.985726118 0.100306049 -0.135212973 16.511428833
-0.135936275 0.006172306 0.990698338 77.869750977 0.099566795 0.995002925 0.007462689 -0.741906285 -0.985701680 0.099655092 -0.135871544 16.305065155
-0.135560617 0.006149992 0.990749955 79.598213196 0.101143874 0.994842291 0.007663748 -0.740224004 -0.985592842 0.101247191 -0.135483503 16.068481445
-0.135369405 0.006088819 0.990776479 81.363418579 0.102076568 0.994745731 0.007833469 -0.727992535 -0.985522866 0.102195464 -0.135279685 15.828618050
-0.135315791 0.007177102 0.990776539 83.110084534 0.102351911 0.994725108 0.006773056 -0.721077323 -0.985501766 0.102324381 -0.135336608 15.588248253
-0.135555014 0.008152332 0.990736425 84.926010132 0.102232479 0.994743586 0.005802392 -0.714190006 -0.985481262 0.102071956 -0.135675907 15.327318192
-0.136742800 0.008901819 0.990566611 86.722755432 0.101264700 0.994846761 0.005038803 -0.713283777 -0.985417128 0.100998446 -0.136939541 15.086286545
-0.138690442 0.009435320 0.990290701 88.534469604 0.100326821 0.994943976 0.004571136 -0.715440273 -0.985240817 0.099986695 -0.138935834 14.857125282
-0.139807373 0.008521644 0.990142047 90.355438232 0.099396437 0.995032847 0.005470973 -0.719079375 -0.985177219 0.099181481 -0.139959976 14.611947060
-0.140833929 0.008209961 0.989999175 92.191864014 0.099401027 0.995030046 0.005888770 -0.717009127 -0.985030591 0.099236272 -0.140950069 14.357933044
-0.141304970 0.007303603 0.989939094 94.041702271 0.096939750 0.995269179 0.006494357 -0.713348567 -0.985208392 0.096882157 -0.141344458 14.097072601
-0.143097565 0.008077411 0.989675760 95.870056152 0.096709453 0.995295346 0.005859984 -0.714734972 -0.984972239 0.096549541 -0.143205553 13.843317032
-0.145373151 0.008918236 0.989336729 97.748687744 0.095858127 0.995382011 0.005112666 -0.708353400 -0.984722197 0.095579229 -0.145556659 13.560501099
-0.149482206 0.009853608 0.988715291 99.623588562 0.096190676 0.995352209 0.004623160 -0.703476071 -0.984074414 0.095796287 -0.149735287 13.276562691
-0.154027358 0.008966606 0.988025904 101.502174377 0.094076782 0.995549023 0.005631127 -0.702472389 -0.983577728 0.093817644 -0.154185310 12.993715286
-0.158905461 0.008183735 0.987259865 103.402603149 0.092535578 0.995687246 0.006640573 -0.701349020 -0.982947707 0.092411891 -0.158977464 12.697881699
-0.163676009 0.008911143 0.986473918 105.304908752 0.091076419 0.995825112 0.006115811 -0.704188049 -0.982300997 0.090845540 -0.163804308 12.393873215
-0.167844370 0.010759463 0.985754728 107.217590332 0.091541089 0.995790124 0.004717694 -0.701742649 -0.981554091 0.091028914 -0.168122679 12.061840057
-0.172505617 0.012300028 0.984931707 109.146476746 0.091345698 0.995812893 0.003562807 -0.713088036 -0.980763793 0.090583906 -0.172906846 11.727821350
-0.177320302 0.012316936 0.984076142 111.073410034 0.090313241 0.995906055 0.003808501 -0.723136902 -0.980000556 0.089550421 -0.177706718 11.390539169
-0.182099074 0.012185181 0.983204663 113.020256042 0.088305958 0.996085346 0.004010308 -0.723954558 -0.979306817 0.087553091 -0.182462245 11.036571503
-0.186705559 0.011604833 0.982347369 114.983154297 0.086578444 0.996234000 0.004686275 -0.726196706 -0.978593409 0.085925050 -0.187007174 10.661224365
-0.192393482 0.010903887 0.981257260 116.911613464 0.085660264 0.996307909 0.005724137 -0.731357038 -0.977572024 0.085156046 -0.192617208 10.299299240
-0.197793916 0.010970151 0.980182290 118.887115479 0.086060353 0.996270478 0.006216165 -0.729392290 -0.976458549 0.085584342 -0.198000342 9.904888153
-0.202980518 0.012053723 0.979108572 120.823677063 0.086057417 0.996274590 0.005575645 -0.735708416 -0.975393772 0.085391305 -0.203261673 9.513566971
-0.208507180 0.013151887 0.977932453 122.786209106 0.085740015 0.996305645 0.004881840 -0.739093900 -0.974255323 0.084865838 -0.208864510 9.106521606
-0.214696437 0.013219016 0.976591349 124.778472900 0.085755363 0.996301770 0.005366876 -0.733652353 -0.972908854 0.084900208 -0.215036049 8.693527222
-0.220007658 0.013016877 0.975411296 126.757820129 0.084623471 0.996396065 0.005790222 -0.735569239 -0.971820712 0.083816573 -0.220316321 8.252422333
-0.225211889 0.013824903 0.974211693 128.745651245 0.083804570 0.996468425 0.005232648 -0.733440638 -0.970698893 0.082821846 -0.225575164 7.799533844
-0.230542243 0.014429605 0.972955287 130.742111206 0.082976982 0.996539533 0.004882058 -0.736861527 -0.969517946 0.081858404 -0.230941758 7.344875336
-0.234764993 0.013832427 0.971953750 132.733535767 0.084276885 0.996423244 0.006175510 -0.739211619 -0.968391836 0.083363026 -0.235091075 6.865961075
-0.238434955 0.013892292 0.971059084 134.738220215 0.086474389 0.996229589 0.006980632 -0.732666552 -0.967300892 0.085636169 -0.238737255 6.369029999
-0.241960555 0.014619002 0.970175982 136.747222900 0.087763868 0.996117532 0.006878281 -0.733646214 -0.966308773 0.086810648 -0.242304146 5.870742798
-0.245056957 0.015494764 0.969384849 138.754531860 0.088228956 0.996079803 0.006382505 -0.730299771 -0.965485752 0.087091900 -0.245463386 5.365066528
-0.248705149 0.015899524 0.968448639 140.796096802 0.087921701 0.996107996 0.006225361 -0.727200329 -0.964580476 0.086695954 -0.249135077 4.856243134
-0.252135187 0.016089343 0.967558265 142.819778442 0.086526014 0.996231556 0.005981591 -0.734840989 -0.963815928 0.085227124 -0.252577186 4.334510803
-0.257521033 0.016919229 0.966124535 144.855300903 0.085453339 0.996327877 0.005329467 -0.735414028 -0.962486744 0.083931021 -0.258021176 3.810214996
-0.261688054 0.016035449 0.965019226 146.902664185 0.084383659 0.996413171 0.006325536 -0.750044644 -0.961456597 0.083087206 -0.262102515 3.311889648
-0.265940696 0.016718412 0.963844419 148.939392090 0.084730618 0.996385276 0.006095735 -0.747079790 -0.960258424 0.083288237 -0.266395897 2.749065399
-0.271004885 0.016696896 0.962433159 150.987319946 0.083917752 0.996452510 0.006342732 -0.757039726 -0.958913028 0.082484119 -0.271444649 2.191448212
-0.275926352 0.017267052 0.961023688 153.039291382 0.083522275 0.996487379 0.006076437 -0.753655314 -0.957543015 0.081943534 -0.276399314 1.619419098
-0.280520052 0.016496081 0.959706306 155.079101562 0.083574712 0.996474624 0.007300633 -0.764176607 -0.956202686 0.082255177 -0.280909896 1.033767700
-0.285241038 0.016488930 0.958313942 157.136962891 0.083979860 0.996436536 0.007851629 -0.762915492 -0.954769552 0.082718663 -0.285609275 0.441516876
-0.289409399 0.017302154 0.957048953 159.212127686 0.084649004 0.996381938 0.007584416 -0.762504578 -0.953455150 0.083208248 -0.289826810 -0.173507690
-0.293085426 0.018553477 0.955906212 161.273788452 0.085238755 0.996337295 0.006796387 -0.761626601 -0.952278972 0.083472170 -0.293593436 -0.798896790
-0.296798199 0.019812129 0.954734683 163.329727173 0.084910192 0.996372104 0.005719837 -0.767666876 -0.951157749 0.082764335 -0.297403663 -1.427429199
-0.300809473 0.021207001 0.953448415 165.417938232 0.085693426 0.996309638 0.004875633 -0.770304859 -0.949826360 0.083170906 -0.301516712 -2.067966461
-0.304037124 0.021976799 0.952406764 167.502319336 0.085322455 0.996344268 0.004246861 -0.774326921 -0.948831558 0.082552858 -0.304800928 -2.727565765
-0.307778001 0.021931531 0.951205313 169.597290039 0.085552461 0.996322513 0.004710117 -0.783099473 -0.947604060 0.082827650 -0.308522493 -3.394847870
-0.311744392 0.022164099 0.949907482 171.677795410 0.085406967 0.996334672 0.004781811 -0.787135065 -0.946319759 0.082619421 -0.312494725 -4.061183929
-0.315949321 0.023225134 0.948491752 173.775466919 0.087636173 0.996140957 0.004800342 -0.792006910 -0.944720030 0.084638849 -0.316765487 -4.756244659
-0.318692893 0.023608545 0.947563946 175.864151001 0.089839451 0.995941639 0.005401718 -0.795433402 -0.943590760 0.086850122 -0.319520593 -5.466251373
-0.321098626 0.023228211 0.946760774 177.931457520 0.090857774 0.995843351 0.006382435 -0.800857067 -0.942677319 0.088069968 -0.321874470 -6.167278290
-0.323779494 0.023034150 0.945852160 180.017578125 0.090602145 0.995864213 0.006762394 -0.796822548 -0.941784680 0.087885767 -0.324527323 -6.883674622
-0.326869547 0.023621652 0.944774330 182.136505127 0.089832395 0.995937645 0.006179016 -0.800288081 -0.940790236 0.086891048 -0.327663779 -7.608451843
-0.329561293 0.025642728 0.943785846 184.239242554 0.089115888 0.996012986 0.004056708 -0.803552806 -0.939918995 0.085443251 -0.330532581 -8.339397430
-0.332709640 0.027955042 0.942615032 186.360382080 0.089121968 0.996018887 0.001918052 -0.807742000 -0.938808620 0.084645852 -0.333876520 -9.081195831
-0.335901260 0.028657464 0.941461146 188.485275269 0.088160194 0.996105611 0.001133611 -0.825450659 -0.937762320 0.083380178 -0.337119520 -9.830623627
-0.339496970 0.029713821 0.940137625 190.644882202 0.086455762 0.996255577 -0.000267081 -0.835318804 -0.936625421 0.081189640 -0.340794683 -10.595001221
-0.342631966 0.029884327 0.938994288 192.778198242 0.087309837 0.996181190 0.000154352 -0.851188660 -0.935403824 0.082036324 -0.343932718 -11.383399963
-0.346401274 0.028687479 0.937647700 194.944442749 0.086595289 0.996242344 0.001511264 -0.866095781 -0.934081078 0.081719369 -0.347583860 -12.171104431
-0.349710584 0.028202442 0.936433196 197.100448608 0.086849861 0.996218443 0.002431065 -0.879840910 -0.932823479 0.082179256 -0.350837559 -12.976848602
-0.353572041 0.028227257 0.934981287 199.256225586 0.086637393 0.996236265 0.002686190 -0.886288822 -0.931386471 0.081954122 -0.354686826 -13.785144806
-0.357157737 0.028498877 0.933609188 201.415618896 0.086046979 0.996287942 0.002505614 -0.896002412 -0.930072188 0.081229165 -0.358284265 -14.600025177
-0.361046225 0.029010767 0.932096541 203.576004028 0.085095972 0.996370852 0.001950542 -0.912641644 -0.928657234 0.080021903 -0.362204641 -15.431945801
-0.364835858 0.029436296 0.930606425 205.754440308 0.084520318 0.996420443 0.001617343 -0.926290154 -0.927227676 0.079245195 -0.366017878 -16.264987946
-0.367651850 0.030076768 0.929477036 207.873916626 0.086137146 0.996281624 0.001832804 -0.949982047 -0.925965726 0.080736332 -0.368875504 -17.104015350
-0.370178491 0.030038439 0.928474784 210.009017944 0.086933769 0.996211052 0.002430213 -0.963360310 -0.924884021 0.081615441 -0.371387243 -17.948848724
-0.373301208 0.029478544 0.927241623 212.186325073 0.088268988 0.996089160 0.003869177 -0.978635013 -0.923501372 0.083291054 -0.374443382 -18.821884155
-0.376181394 0.030398650 0.926047266 214.364028931 0.089527354 0.995977521 0.003673833 -0.990219116 -0.922210634 0.084288582 -0.377389669 -19.701854706
-0.379286677 0.031585477 0.924739897 216.561645508 0.089753263 0.995960116 0.002794661 -1.001229167 -0.920915842 0.084058389 -0.380589187 -20.593509674
-0.382017404 0.031653315 0.923612893 218.736358643 0.088981450 0.996029735 0.002668662 -1.017273307 -0.919861376 0.083203875 -0.383317322 -21.484970093
-0.385105520 0.032968130 0.922283411 220.904388428 0.088795952 0.996048748 0.001472375 -1.036699772 -0.918590784 0.082462065 -0.386511266 -22.383617401
-0.387495428 0.033886757 0.921248615 223.058242798 0.088710628 0.996057212 0.000674960 -1.058126569 -0.917593479 0.081986085 -0.388973653 -23.294574738
-0.390031815 0.033945393 0.920175493 225.226394653 0.086561628 0.996246517 -0.000061060 -1.080676079 -0.916723669 0.079628050 -0.391506195 -24.202308655
-0.393223047 0.035164829 0.918770432 227.390594482 0.087910175 0.996128201 -0.000501096 -1.100142241 -0.915230811 0.080572203 -0.394791871 -25.117187500
-0.395658016 0.034460094 0.917751193 229.540512085 0.088952497 0.996035397 0.000949393 -1.127253294 -0.914079964 0.082011886 -0.397154778 -26.045284271
-0.398651779 0.033397749 0.916494071 231.704208374 0.089281201 0.996003151 0.002539931 -1.149501562 -0.912746370 0.082838230 -0.400040179 -26.976322174
-0.401801825 0.033019446 0.915131152 233.825805664 0.088226601 0.996096492 0.002796368 -1.166764736 -0.911466599 0.081862479 -0.403146535 -27.894889832
-0.404665977 0.033315141 0.913857639 235.943023682 0.087238386 0.996184707 0.002313669 -1.188114405 -0.910293877 0.080659688 -0.406028569 -28.830608368
-0.408362269 0.032808021 0.912230194 238.131347656 0.085671604 0.996320188 0.002518836 -1.202116966 -0.908790767 0.079180829 -0.409670293 -29.796241760
-0.412439972 0.032067534 0.910420179 240.297592163 0.084482856 0.996419787 0.003175877 -1.219835281 -0.907058954 0.078224763 -0.413672537 -30.752517700
-0.416083425 0.032345872 0.908750951 242.445022583 0.084196754 0.996444404 0.003083372 -1.239483356 -0.905420065 0.077796817 -0.417327404 -31.729927063
-0.419626027 0.031958718 0.907134235 244.589111328 0.083910823 0.996466279 0.003709881 -1.260597706 -0.903810263 0.077675126 -0.420824796 -32.713623047
-0.423682958 0.031309228 0.905269265 246.750839233 0.082348168 0.996595323 0.004072691 -1.276315570 -0.902059615 0.076272778 -0.424818784 -33.702644348
-0.427174836 0.031791534 0.903609931 248.859512329 0.082236700 0.996605456 0.003813404 -1.288761139 -0.900421441 0.075938903 -0.428339303 -34.690208435
-0.430527002 0.032619361 0.901988089 250.987945557 0.082675569 0.996570647 0.003421971 -1.310997009 -0.898783207 0.076045625 -0.431747407 -35.699905396
-0.434523374 0.032883890 0.900060058 253.073516846 0.083145410 0.996530354 0.003731766 -1.336601496 -0.896814525 0.076457396 -0.435749918 -36.685493469
-0.438437343 0.032731932 0.898165524 255.208892822 0.082572222 0.996577084 0.003989078 -1.349626541 -0.894960642 0.075912483 -0.439639360 -37.710494995
-0.441968679 0.033020411 0.896422505 257.325805664 0.081615433 0.996657670 0.003526715 -1.367717743 -0.893309832 0.074720636 -0.443186402 -38.740615845
-0.445470452 0.033551332 0.894667745 259.437377930 0.082278870 0.996603012 0.003594032 -1.388306618 -0.891507864 0.075213291 -0.446717709 -39.786026001
-0.448959976 0.034277998 0.892894149 261.553131104 0.082848080 0.996556401 0.003399643 -1.393144608 -0.889702857 0.075500883 -0.450253785 -40.842071533
-0.451977432 0.035581380 0.891319394 263.664794922 0.084460072 0.996422172 0.003051612 -1.405606151 -0.888021827 0.076660156 -0.453365475 -41.911567688
-0.455443054 0.037703305 0.889466107 265.790557861 0.086789057 0.996224284 0.002210904 -1.418558598 -0.886024415 0.078202873 -0.456995606 -42.997817993
-0.458617836 0.038570914 0.887796044 267.924407959 0.088430263 0.996079445 0.002405963 -1.435578823 -0.884222686 0.079611458 -0.460230678 -44.095252991
-0.461329997 0.040775143 0.886291146 270.040130615 0.090332791 0.995910883 0.001201448 -1.444789290 -0.882617950 0.080615439 -0.463126957 -45.203170776
-0.463804722 0.043286353 0.884879351 272.160858154 0.092384793 0.995723486 -0.000285609 -1.468205929 -0.881107390 0.081616916 -0.465820253 -46.297264099
-0.466603309 0.043848176 0.883378983 274.298889160 0.093014419 0.995664716 -0.000291205 -1.482780576 -0.879562199 0.082031101 -0.468658894 -47.404983521
-0.469969720 0.044613704 0.881554365 276.448516846 0.093397059 0.995628774 -0.000595424 -1.507612228 -0.877727449 0.082054749 -0.472082168 -48.514434814
-0.473179907 0.044770133 0.879827440 278.608917236 0.092549175 0.995707631 -0.000892863 -1.516824245 -0.876091003 0.081004821 -0.475292206 -49.668319702
-0.476215273 0.046042833 0.878122389 280.772644043 0.093621798 0.995606780 -0.001430815 -1.536859512 -0.874330580 0.081530027 -0.478433728 -50.832168579
-0.478909671 0.046297461 0.876642525 282.912811279 0.093116768 0.995653749 -0.001713042 -1.553711534 -0.872911692 0.080809727 -0.481139183 -52.003173828
-0.481295347 0.046043407 0.875348389 285.056427002 0.091659680 0.995788395 -0.001981048 -1.570649862 -0.871752977 0.079280697 -0.483488679 -53.182426453
-0.483367145 0.047541440 0.874125838 287.212432861 0.093947828 0.995574832 -0.002196200 -1.579984188 -0.870361984 0.081060641 -0.485694587 -54.378005981
-0.485533059 0.047123160 0.872947335 289.398132324 0.095450021 0.995433927 -0.000645926 -1.607049942 -0.868991911 0.083009213 -0.487814039 -55.575187683
-0.487298220 0.047833726 0.871924460 291.574035645 0.097022094 0.995282173 -0.000377737 -1.621717811 -0.867828906 0.084411882 -0.489640087 -56.788688660
-0.488323987 0.047438283 0.871372104 293.730163574 0.097132750 0.995271325 0.000250509 -1.637168884 -0.867239833 0.084761105 -0.490622640 -58.002723694
-0.490965992 0.046871785 0.869916797 295.946472168 0.096342660 0.995347977 0.000744016 -1.639253378 -0.865835130 0.084175393 -0.493197799 -59.230911255
-0.493182778 0.047920749 0.868604779 298.168060303 0.098431498 0.995143354 0.000986308 -1.640544176 -0.864338934 0.085984491 -0.495504558 -60.495178223
-0.495817304 0.047637235 0.867119312 300.373168945 0.098478466 0.995137811 0.001639578 -1.646980524 -0.862825155 0.086205490 -0.498097777 -61.745109558
-0.497846723 0.048692025 0.865897059 302.584991455 0.098069027 0.995179534 0.000422715 -1.658123493 -0.861702442 0.085128114 -0.500222027 -63.001052856
-0.500956833 0.051415041 0.863943696 304.785064697 0.097843252 0.995198727 -0.002491998 -1.667146206 -0.859923780 0.083282664 -0.503582239 -64.247261047
-0.505024195 0.050291389 0.861638844 307.017974854 0.095733844 0.995404899 -0.001987366 -1.688456059 -0.857779324 0.081484340 -0.507518113 -65.532554626
-0.510337710 0.048121564 0.858626604 309.219818115 0.093122154 0.995654583 -0.000452713 -1.705866098 -0.854917347 0.079726130 -0.512601197 -66.798744202
-0.516311407 0.045014422 0.855217099 311.436889648 0.089979246 0.995941818 0.001900776 -1.724921465 -0.851660907 0.077933215 -0.518266439 -68.085502625
-0.520547390 0.044136330 0.852691293 313.621795654 0.089424863 0.995988965 0.003038130 -1.733547688 -0.849137008 0.077833287 -0.522406340 -69.422523499
-0.526426911 0.044626236 0.849048436 315.892852783 0.089546695 0.995977581 0.003171842 -1.735121965 -0.845491648 0.077699214 -0.528305531 -70.782546997
-0.531188071 0.046557274 0.845973730 318.153289795 0.092361525 0.995720327 0.003195496 -1.744278789 -0.842204630 0.079832837 -0.533214808 -72.177604675
-0.535153508 0.047434833 0.843421996 320.399169922 0.092690878 0.995690942 0.002814034 -1.741664410 -0.839654148 0.079683460 -0.537244320 -73.599830627
-0.539459169 0.047239587 0.840685546 322.616485596 0.093735352 0.995588183 0.004205145 -1.768407822 -0.836778045 0.081070453 -0.541507244 -74.998306274
-0.543422639 0.045621883 0.838218629 324.802398682 0.093775153 0.995571434 0.006608882 -1.782074928 -0.834205031 0.082195491 -0.545294285 -76.425056458
-0.547401011 0.043955743 0.835715294 327.034210205 0.091776833 0.995749474 0.007741649 -1.774451971 -0.831822813 0.080937088 -0.549108386 -77.892364502
-0.551030397 0.043934979 0.833327711 329.229980469 0.091220230 0.995800078 0.007817660 -1.779806376 -0.829484403 0.080324143 -0.552723825 -79.333839417
-0.554897249 0.043724097 0.830769002 331.426727295 0.091398105 0.995776951 0.008639129 -1.786005259 -0.826882958 0.080724567 -0.556550145 -80.802612305
-0.559067607 0.043836955 0.827962279 333.627197266 0.092475809 0.995667338 0.009726531 -1.788584709 -0.823948801 0.082004286 -0.560699224 -82.262802124
-0.563589036 0.043517124 0.824908257 335.846343994 0.092646815 0.995640755 0.010773697 -1.779615402 -0.820843458 0.082497060 -0.565163910 -83.753456116
-0.566819072 0.042357046 0.822752714 338.061340332 0.091005258 0.995784760 0.011431154 -1.775702000 -0.818800449 0.081354208 -0.568284571 -85.271095276
-0.570527732 0.041274801 0.820240378 340.279693604 0.090386294 0.995824993 0.012758960 -1.766605854 -0.816289306 0.081417836 -0.571876466 -86.791931152
-0.573068202 0.040921010 0.818485379 342.467834473 0.091394499 0.995713353 0.014208780 -1.762480736 -0.814395368 0.082947657 -0.574351668 -88.316268921
-0.575927675 0.040276725 0.816507697 344.670959473 0.089109086 0.995927274 0.013726396 -1.751851082 -0.812629580 0.080663674 -0.577171206 -89.866981506
-0.579053044 0.039362635 0.814339042 346.814300537 0.085264646 0.996280253 0.012472121 -1.742815018 -0.810819030 0.076656356 -0.580255270 -91.364898682
-0.582580924 0.038677704 0.811851919 348.973999023 0.081873432 0.996578991 0.011273628 -1.731837749 -0.808638513 0.073036902 -0.583754539 -92.871467590
-0.585162878 0.035845648 0.810123086 351.122650146 0.079752535 0.996723235 0.013504178 -1.731752872 -0.806984365 0.072511524 -0.586104274 -94.417480469
-0.588943362 0.035195805 0.807407498 353.288818359 0.080318764 0.996654212 0.015141230 -1.721916199 -0.804173231 0.073767304 -0.589799702 -95.962928772
-0.591632664 0.035968594 0.805404902 355.436828613 0.080403738 0.996656120 0.014553125 -1.706974030 -0.802188277 0.073367670 -0.592546344 -97.531417847
-0.594852090 0.034386937 0.803099275 357.628295898 0.077962667 0.996842384 0.015064015 -1.700001240 -0.800045371 0.071572624 -0.595654786 -99.121658325
-0.598148346 0.030712644 0.800796628 359.792999268 0.075839393 0.996949971 0.018411951 -1.689840794 -0.797788799 0.071745001 -0.598653257 -100.710212708
-0.601661921 0.028450361 0.798243999 361.971923828 0.073477589 0.997099400 0.019844605 -1.666831970 -0.795364022 0.070592791 -0.602007210 -102.309638977
-0.604908824 0.027618945 0.795815647 364.155334473 0.072264045 0.997178495 0.020321462 -1.641159534 -0.793008983 0.069801487 -0.605197906 -103.931579590
-0.607870936 0.027423223 0.793562233 366.311950684 0.071319029 0.997249663 0.020168524 -1.616236210 -0.790826380 0.068855949 -0.608154833 -105.541511536
-0.610580921 0.027350793 0.791481376 368.492919922 0.071810514 0.997198522 0.020937912 -1.595064163 -0.788691282 0.069620967 -0.610834539 -107.199516296
-0.613207996 0.026574111 0.789474308 370.624755859 0.071269833 0.997219145 0.021790477 -1.572501659 -0.786699831 0.069627799 -0.613396525 -108.833663940
-0.616140962 0.025195757 0.787232876 372.802001953 0.068368554 0.997426450 0.021586698 -1.550324440 -0.784662902 0.067122415 -0.616278112 -110.512908936
-0.619284928 0.021439645 0.784873545 374.936920166 0.058198608 0.998130679 0.018655168 -1.528319836 -0.783006430 0.057231419 -0.619375050 -112.155364990
-0.623045683 0.023908492 0.781819940 377.078643799 0.050764989 0.998661399 0.009915870 -1.522657871 -0.780536354 0.045867126 -0.623425364 -113.807701111
-0.625593960 0.034305833 0.779394209 379.193817139 0.061054561 0.998121560 0.005073126 -1.526788235 -0.777756095 0.050759282 -0.626513302 -115.492378235
-0.626207471 0.035596870 0.778843403 381.293365479 0.068666607 0.997593284 0.009614703 -1.534793139 -0.776626766 0.059501342 -0.627144694 -117.176788330
-0.628336430 0.026693858 0.777483523 383.407287598 0.068024717 0.997468412 0.020728579 -1.517816544 -0.774961889 0.065912612 -0.628561437 -118.872436523
-0.631956637 0.015871596 0.774841189 385.547515869 0.061547261 0.997660339 0.029761899 -1.475430489 -0.772555888 0.066497579 -0.631455004 -120.560531616
-0.635542810 0.009580611 0.772006154 387.648864746 0.055560153 0.997898042 0.033355165 -1.424720764 -0.770063818 0.064091414 -0.634739280 -122.236526489
-0.638041079 0.009154426 0.769947946 389.724975586 0.054149169 0.997987151 0.033006649 -1.363524437 -0.768095911 0.062751628 -0.637252510 -123.928871155
-0.640510380 0.014227260 0.767817736 391.786987305 0.059811208 0.997715414 0.031407118 -1.326932907 -0.765616775 0.066040680 -0.639898062 -125.636291504
-0.642193854 0.020870795 0.766258061 393.813720703 0.064291395 0.997573614 0.026710832 -1.276683807 -0.763841331 0.066417336 -0.641977489 -127.325935364
-0.644601941 0.023604846 0.764153838 395.827941895 0.065165386 0.997582078 0.024154780 -1.246793747 -0.761736035 0.065366596 -0.644581616 -128.997589111
-0.647536755 0.023581816 0.761669219 397.902893066 0.064778119 0.997606575 0.024184821 -1.205854416 -0.759275973 0.065000050 -0.647514522 -130.732879639
-0.649874568 0.023110505 0.759689987 399.969726562 0.066391215 0.997443020 0.026450993 -1.179314613 -0.757136166 0.067626573 -0.649747193 -132.504333496
-0.651909351 0.022617590 0.757959366 402.007293701 0.066894442 0.997373462 0.027773166 -1.130585670 -0.755340517 0.068808854 -0.651710033 -134.256378174
-0.653586328 0.022948299 0.756503999 404.052825928 0.067417376 0.997332096 0.027991919 -1.087827682 -0.753843367 0.069296651 -0.653389752 -136.005096436
-0.654702663 0.022687191 0.755545974 406.097656250 0.067307368 0.997328639 0.028376454 -1.045492172 -0.752883911 0.069431953 -0.654480696 -137.765304565
-0.656033397 0.023529248 0.754365087 408.143280029 0.068196803 0.997273147 0.028201578 -1.006489754 -0.751644433 0.069946468 -0.655849040 -139.510040283
-0.657197058 0.023189876 0.753361940 410.165008545 0.069504455 0.997132301 0.029938798 -0.955532074 -0.750507295 0.072037704 -0.656924129 -141.256958008
-0.659068167 0.022190968 0.751755714 412.212310791 0.070745125 0.996961713 0.032593451 -0.909333229 -0.748748481 0.074664354 -0.658635676 -143.008026123
-0.660547912 0.021916522 0.750463903 414.242156982 0.072602645 0.996753812 0.034794670 -0.856874466 -0.747265339 0.077469222 -0.659994841 -144.774414062
-0.662443995 0.022287112 0.748779893 416.262573242 0.071065605 0.996918976 0.033198718 -0.786581039 -0.745732903 0.075204775 -0.661986768 -146.522964478
-0.664370894 0.022107093 0.747076035 418.272033691 0.067111053 0.997289240 0.030170247 -0.734579086 -0.744383931 0.070181295 -0.664053619 -148.270538330
-0.666383684 0.021505175 0.745298862 420.279510498 0.064258866 0.997521222 0.028671965 -0.687369347 -0.742834806 0.066998579 -0.666113853 -150.022720337
-0.667486787 0.020782935 0.744331539 422.276702881 0.063800849 0.997530580 0.029361397 -0.640991211 -0.741883337 0.067087322 -0.667164564 -151.791473389
-0.668670952 0.019598084 0.743300021 424.225708008 0.061461829 0.997688472 0.028985547 -0.592937469 -0.741013885 0.065066375 -0.668329954 -153.539306641
-0.668915749 0.018440532 0.743109465 426.221252441 0.058468621 0.997900188 0.027867727 -0.544802666 -0.741035223 0.062089749 -0.668589354 -155.337387085
-0.669202507 0.017712230 0.742868900 428.208435059 0.057622135 0.997942448 0.028114105 -0.501973152 -0.740842521 0.061619725 -0.668846309 -157.117248535
-0.670006454 0.016710406 0.742167175 430.183807373 0.058463350 0.997829258 0.030312162 -0.453484535 -0.740049601 0.063698925 -0.669528961 -158.884246826
-0.669396758 0.015773248 0.742737651 432.158325195 0.061023839 0.997563422 0.033813212 -0.396867752 -0.740394533 0.067959160 -0.668728232 -160.666046143
-0.668401837 0.014893957 0.743651211 434.150970459 0.065914184 0.997051954 0.039275263 -0.330514908 -0.740873992 0.075268820 -0.667413116 -162.451019287
-0.667198300 0.014168658 0.744745374 436.149871826 0.069346182 0.996658385 0.043164201 -0.250566483 -0.741645157 0.080444328 -0.665951312 -164.225814819
-0.665488660 0.011635095 0.746317267 438.121582031 0.063628584 0.997123182 0.041192237 -0.171482086 -0.743690968 0.074900083 -0.664314449 -165.966217041
-0.664743185 0.010684400 0.746995568 440.115173340 0.056321390 0.997768879 0.035848517 -0.100155830 -0.744945943 0.065901883 -0.663861811 -167.710937500
-0.662933052 0.008379802 0.748631775 442.104888916 0.051396620 0.998087764 0.034340955 -0.042522430 -0.746912420 0.061242893 -0.662095964 -169.460083008
-0.660877168 0.007540791 0.750456154 444.114135742 0.048716359 0.998271644 0.032870386 0.013398170 -0.748911142 0.058282778 -0.660102367 -171.179748535
-0.658169448 0.008590212 0.752820611 446.115051270 0.051074553 0.998140752 0.033263531 0.071112633 -0.751135409 0.060343031 -0.657384574 -172.920104980
-0.655590653 0.008557550 0.755067945 448.114929199 0.051616471 0.998104811 0.033504199 0.131510735 -0.753350258 0.060938984 -0.654789925 -174.634674072
-0.653054714 0.009760331 0.757247746 450.107391357 0.049678273 0.998315275 0.029975329 0.184794426 -0.755679548 0.057194293 -0.652439356 -176.338745117
-0.651986837 0.004601658 0.758216321 452.132049561 0.042801417 0.998610377 0.030744124 0.232160568 -0.757021308 0.052497491 -0.651277840 -178.046813965
-0.651280522 -0.001966021 0.758834481 454.150207520 0.033704583 0.998934805 0.031515528 0.277098656 -0.758088171 0.046101645 -0.650520563 -179.731811523
-0.650923491 -0.005548062 0.759123087 456.176422119 0.026365098 0.999204814 0.029909926 0.324034691 -0.758685410 0.039483424 -0.650259614 -181.418548584
-0.650095582 -0.005906804 0.759829342 458.200561523 0.024880001 0.999268055 0.029055024 0.371876717 -0.759445012 0.037793096 -0.649473011 -183.130706787
-0.648901284 -0.005778402 0.760850608 460.224243164 0.027001431 0.999166429 0.030616855 0.419200897 -0.760393202 0.040411375 -0.648204446 -184.838928223
-0.647789359 -0.006852329 0.761788666 462.256225586 0.028570518 0.999037564 0.033281419 0.468652725 -0.761283576 0.043324046 -0.646970153 -186.527008057
-0.646193445 -0.008868219 0.763122022 464.252777100 0.027280793 0.999024928 0.034710351 0.532948494 -0.762685895 0.043248169 -0.645321369 -188.210113525
-0.645471752 -0.009381174 0.763726652 466.299316406 0.024893081 0.999134958 0.033311464 0.590595245 -0.763378382 0.040513113 -0.644679964 -189.897537231
-0.644588530 -0.008747031 0.764479637 468.329925537 0.023018820 0.999259174 0.030842179 0.648537636 -0.764183104 0.037477933 -0.643909633 -191.576751709
-0.643596292 -0.007359772 0.765329659 470.368621826 0.023641778 0.999285400 0.029490916 0.693470001 -0.764999926 0.037074000 -0.642962337 -193.261016846
-0.642289042 -0.006586692 0.766434073 472.374389648 0.025999380 0.999200284 0.030375140 0.741432190 -0.766021430 0.039436433 -0.641604125 -194.932891846
