1.000000000 0.000000000 0.000000000 0.000000000 0.000000000 1.000000000 0.000000000 0.000000000 0.000000000 0.000000000 1.000000000 0.000000000
0.999042869 -0.000543504 0.043741785 0.046335176 0.000645729 0.999997199 -0.002322920 -0.021081606 -0.043740403 0.002348942 0.999040127 1.026081324
0.996029079 -0.004806723 0.088897802 0.139208987 0.005479881 0.999958098 -0.007329762 -0.039017610 -0.088858843 0.007787805 0.996013761 2.050690413
0.990855813 -0.004173069 0.134859890 0.269601256 0.005773020 0.999917448 -0.011474922 -0.060707852 -0.134800866 0.012148544 0.990798235 3.058259010
0.983521104 -0.001118897 0.180789813 0.449326575 0.003626088 0.999901712 -0.013538082 -0.093068898 -0.180756927 0.013970549 0.983428538 4.088560581
0.973983169 -0.003644503 0.226591110 0.685658813 0.006875781 0.999885559 -0.013472764 -0.124580219 -0.226516083 0.014680237 0.973896801 5.092166901
0.962299407 -0.004042896 0.271962345 0.958598077 0.008375914 0.999855697 -0.014773454 -0.154972613 -0.271863371 0.016494418 0.962194443 6.097766876
0.948743463 -0.006842253 0.315973192 1.284494877 0.012997353 0.999764562 -0.017376509 -0.188236251 -0.315779895 0.020592663 0.948608994 7.082014084
0.933599353 -0.008628312 0.358214825 1.658508778 0.016602699 0.999677956 -0.019191656 -0.220711619 -0.357933819 0.023864651 0.933441937 8.033669472
0.916291475 -0.008516047 0.400421619 2.068502903 0.018113168 0.999632180 -0.020188782 -0.250226974 -0.400102377 0.025751714 0.916108608 8.968659401
0.896766186 -0.009184310 0.442409426 2.528296232 0.019409867 0.999638736 -0.018591646 -0.290461898 -0.442078799 0.025259471 0.896620452 9.887484550
0.874967635 -0.009005529 0.484097511 3.021086216 0.020044239 0.999643624 -0.017632280 -0.326669753 -0.483766228 0.025131043 0.874836385 10.774161339
0.850948036 -0.009044154 0.525171936 3.556361675 0.020826582 0.999646425 -0.016530557 -0.358507931 -0.524836779 0.025004182 0.850835621 11.646210670
0.825524807 -0.009633170 0.564283609 4.139906883 0.022837194 0.999605715 -0.016345145 -0.399669647 -0.563903630 0.026379984 0.825419188 12.486047745
0.798223436 -0.011373907 0.602254152 4.747397423 0.026187839 0.999531686 -0.015832454 -0.434545279 -0.601792097 0.028409567 0.798147440 13.283163071
0.769439876 -0.010163906 0.638638318 5.417152405 0.026797658 0.999506712 -0.016379053 -0.467961609 -0.638156772 0.029716710 0.769332707 14.101144791
0.738919377 -0.013432412 0.673659861 6.095061302 0.031671502 0.999388516 -0.014812348 -0.501463175 -0.673049033 0.032280955 0.738893092 14.833670616
0.706854165 -0.012591195 0.707247257 6.845082760 0.032024015 0.999385953 -0.014214043 -0.534057438 -0.706634045 0.032696147 0.706823349 15.577304840
0.672697783 -0.011151666 0.739833415 7.595383167 0.032741714 0.999355674 -0.014707096 -0.569619656 -0.739192665 0.034116846 0.672629356 16.260669708
0.637085319 -0.012502352 0.770691931 8.401369095 0.038049188 0.999159575 -0.015244395 -0.593040824 -0.769853592 0.039036173 0.637025595 16.926216125
0.600476325 -0.010790968 0.799569726 9.192445755 0.038192306 0.999154806 -0.015197841 -0.621678233 -0.798729897 0.039663360 0.600381017 17.515779495
0.562598765 -0.009773936 0.826672316 10.047048569 0.041098990 0.999024391 -0.016158575 -0.655597925 -0.825707853 0.043066189 0.562451601 18.098690033
0.523628414 -0.007946066 0.851909697 10.890424728 0.045525808 0.998788714 -0.018666498 -0.681134999 -0.850729406 0.048558183 0.523355961 18.618631363
0.484906286 -0.006824995 0.874539495 11.783164978 0.046969231 0.998729646 -0.018248862 -0.706440926 -0.873303950 0.049925443 0.484610826 19.111618042
0.446400017 -0.008620774 0.894791961 12.683708191 0.052272417 0.998497188 -0.016458113 -0.732754469 -0.893305421 0.054119840 0.446179807 19.556720734
0.409573197 -0.009218405 0.912230730 13.614381790 0.056052782 0.998313963 -0.015078263 -0.757683992 -0.910553634 0.057308719 0.409399390 19.959152222
0.374399006 -0.006833049 0.927242517 14.583908081 0.057887334 0.998194635 -0.016017649 -0.782039344 -0.925459027 0.059672590 0.374118626 20.346158981
0.341050446 -0.007674413 0.940013647 15.540512085 0.058255769 0.998217165 -0.012986437 -0.805901408 -0.938238144 0.059190247 0.340889513 20.690879822
0.307711035 -0.009159748 0.951435864 16.532047272 0.060858127 0.998095512 -0.010073627 -0.826856256 -0.949531555 0.061002363 0.307682514 21.007190704
0.275093526 -0.009042745 0.961374879 17.523780823 0.061490566 0.998073936 -0.008207341 -0.846802115 -0.959449053 0.061373275 0.275119752 21.283506393
0.242829174 -0.006288234 0.970048606 18.528568268 0.058803208 0.998235524 -0.008249068 -0.870883048 -0.968285143 0.059045099 0.242770463 21.539043427
0.212159261 -0.004841586 0.977223039 19.556455612 0.058715329 0.998244286 -0.007801611 -0.887376010 -0.975469530 0.059033155 0.212071016 21.760011673
0.181688502 -0.004598603 0.983345389 20.599451065 0.060774636 0.998129964 -0.006561323 -0.903921127 -0.981476307 0.060954567 0.181628183 21.948455811
0.151143223 -0.004654879 0.988501012 21.678016663 0.062397800 0.998039603 -0.004840921 -0.915744960 -0.986540556 0.062411960 0.151137426 22.103292465
0.120547444 -0.005407169 0.992692769 22.762031555 0.060936149 0.998139739 -0.001962931 -0.930734456 -0.990835488 0.060727511 0.120652691 22.237773895
0.091673240 -0.005830075 0.995772064 23.846897125 0.061720110 0.998093426 0.000161560 -0.943159163 -0.993874550 0.061444357 0.091858283 22.326044083
0.064734802 -0.005513715 0.997887373 24.966001511 0.064495452 0.997917116 0.001329940 -0.947961867 -0.995816112 0.064273112 0.064955585 22.388961792
0.040064659 -0.004886781 0.999185145 26.090450287 0.068817236 0.997627020 0.002119773 -0.952202141 -0.996824443 0.068676226 0.040305883 22.416402817
0.017497776 -0.004377779 0.999837279 27.268024445 0.073186100 0.997313499 0.003085925 -0.955083668 -0.997164786 0.073120199 0.017771158 22.425512314
-0.002309790 -0.004506504 0.999987125 28.420585632 0.078788698 0.996880352 0.004674489 -0.954031944 -0.996888638 0.078798480 -0.001947523 22.412078857
-0.019922322 -0.005294541 0.999787509 29.618690491 0.083333157 0.996497571 0.006937661 -0.960416019 -0.996322513 0.083453678 -0.019411333 22.379438400
-0.035212167 -0.005095618 0.999366879 30.833747864 0.086525127 0.996216536 0.008128222 -0.957666397 -0.995627165 0.086756557 -0.034638043 22.320819855
-0.049500510 -0.005726771 0.998757660 32.032169342 0.088935725 0.995985925 0.010118720 -0.956746101 -0.994806528 0.089326121 -0.048792496 22.263858795
-0.062519453 -0.006716909 0.998021126 33.249080658 0.089102767 0.995946586 0.012284650 -0.953073740 -0.994058371 0.089694470 -0.061667554 22.177507401
-0.074312828 -0.006780958 0.997211933 34.446563721 0.088900812 0.995950401 0.013397321 -0.955379248 -0.993264437 0.089648560 -0.073409066 22.084300995
-0.085580453 -0.004077401 0.996322930 35.673648834 0.088864610 0.995975018 0.011709116 -0.952380061 -0.992360353 0.089539908 -0.084873646 21.985494614
-0.095557168 -0.000505170 0.995423794 36.907619476 0.089421563 0.995952368 0.009089591 -0.941650569 -0.991399348 0.089880943 -0.095125221 21.865428925
-0.104598381 0.001780223 0.994512916 38.166675568 0.090832666 0.995835841 0.007770779 -0.942497313 -0.990357816 0.091147088 -0.104324527 21.734794617
-0.111835495 0.002926824 0.993722379 39.459476471 0.090825781 0.995840251 0.007288654 -0.935237825 -0.989567339 0.091070756 -0.111636095 21.590808868
-0.117045686 0.003580666 0.993120074 40.758445740 0.090626478 0.995859742 0.007090379 -0.928190589 -0.988982856 0.090832859 -0.116885602 21.430484772
-0.122227445 0.005274918 0.992488086 42.085777283 0.091880418 0.995751858 0.006023046 -0.922282338 -0.988240063 0.091926403 -0.122192867 21.272169113
-0.126683712 0.006726486 0.991920352 43.425167084 0.090673320 0.995868981 0.004827137 -0.920328021 -0.987790227 0.090552233 -0.126770303 21.102226257
-0.130679220 0.007493607 0.991396368 44.792438507 0.091491304 0.995795488 0.004532904 -0.915865064 -0.987194180 0.091296487 -0.130815327 20.926809311
-0.133524761 0.006914489 0.991021454 46.172317505 0.091172658 0.995820820 0.005336126 -0.906576574 -0.986842811 0.091066562 -0.133597121 20.753574371
-0.135927066 0.004775655 0.990707338 47.600166321 0.092414744 0.995689511 0.007879821 -0.909518003 -0.986399174 0.092627056 -0.135782480 20.555368423
-0.137822136 0.003440674 0.990450978 49.038871765 0.092417911 0.995675862 0.009401212 -0.902194500 -0.986135840 0.092831127 -0.137544155 20.352582932
-0.140152797 0.004310623 0.990120649 50.450950623 0.095554434 0.995381773 0.009192319 -0.903828263 -0.985508263 0.095898733 -0.139917418 20.172021866
-0.140435278 0.004250641 0.990080714 51.888134003 0.095334902 0.995402217 0.009249030 -0.891505122 -0.985489309 0.095688149 -0.140194818 19.964204788
-0.140851513 0.005734652 0.990014136 53.351013184 0.097793899 0.995173454 0.008148816 -0.878507614 -0.985188842 0.097965144 -0.140732467 19.759387970
-0.140401676 0.005964671 0.990076661 54.840164185 0.097279303 0.995226562 0.007799375 -0.867826462 -0.985303998 0.097409032 -0.140311703 19.542287827
-0.140127793 0.007582017 0.990104377 56.359252930 0.097348265 0.995231330 0.006156254 -0.862001359 -0.985336244 0.097247608 -0.140197664 19.337329865
-0.138933465 0.007446627 0.990273714 57.895439148 0.097781457 0.995188415 0.006234963 -0.854342520 -0.985462427 0.097696647 -0.138993114 19.124500275
-0.137289003 0.006156498 0.990511894 59.449943542 0.097543165 0.995204210 0.007334215 -0.858136535 -0.985716522 0.097624563 -0.137231097 18.914480209
-0.135938451 0.006947631 0.990692914 61.030780792 0.098723598 0.995093167 0.006567923 -0.852677941 -0.985786200 0.098697610 -0.135957330 18.696678162
-0.134937704 0.007488935 0.990825772 62.627391815 0.098307244 0.995138824 0.005866648 -0.846800685 -0.985965192 0.098196991 -0.135017976 18.488199234
-0.133538276 0.007658000 0.991014004 64.231849670 0.099346526 0.995036602 0.005697776 -0.849974275 -0.986051559 0.099214658 -0.133636281 18.265228271
-0.132521838 0.007908556 0.991148531 65.864891052 0.099010088 0.995072246 0.005298314 -0.838649988 -0.986222565 0.098835856 -0.132651865 18.043043137
-0.131087333 0.006381277 0.991350293 67.519027710 0.100882798 0.994874060 0.006935882 -0.830432177 -0.986224532 0.100919411 -0.131059140 17.815071106
-0.130952254 0.004731344 0.991377354 69.226203918 0.102915846 0.994650662 0.008847316 -0.823640823 -0.986032307 0.103187032 -0.130738676 17.585056305
-0.129932687 0.005527577 0.991507411 70.915168762 0.104269527 0.994515955 0.008119714 -0.820913732 -0.986024916 0.104439043 -0.129796490 17.358339310
-0.129200697 0.007702022 0.991588533 72.590431213 0.106282555 0.994317114 0.006125050 -0.807356000 -0.985906303 0.106179915 -0.129285052 17.141017914
-0.128530174 0.007147540 0.991679847 74.293327332 0.105205521 0.994429410 0.006468175 -0.806625843 -0.986109436 0.105161548 -0.128566146 16.925426483
-0.127647206 0.007860064 0.991788507 76.018341064 0.105171844 0.994437993 0.005654982 -0.787542641 -0.986227691 0.105030067 -0.127763882 16.702102661
-0.127468497 0.006333415 0.991822541 77.751770020 0.105329037 0.994411469 0.007186887 -0.789163411 -0.986233950 0.105383791 -0.127423242 16.477111816
-0.127270237 0.006748233 0.991845131 79.473655701 0.107032701 0.994230986 0.006969610 -0.785355687 -0.986076355 0.107046880 -0.127258331 16.261829376
-0.127125815 0.006395589 0.991865993 81.246360779 0.107859194 0.994138479 0.007413887 -0.778891265 -0.986004770 0.107924335 -0.127070501 16.032695770
-0.126994327 0.007556025 0.991874635 82.998138428 0.108524531 0.994073689 0.006322127 -0.771268010 -0.985948622 0.108445615 -0.127061754 15.803585052
-0.127513811 0.008770664 0.991797984 84.815216064 0.108142279 0.994122267 0.005112457 -0.759683192 -0.985923588 0.107907213 -0.127712816 15.565069199
-0.128845617 0.009294424 0.991621077 86.613533020 0.107471094 0.994197488 0.004645615 -0.770086169 -0.985823929 0.107169203 -0.129096881 15.341002464
-0.130541772 0.009737263 0.991394997 88.414543152 0.106614314 0.994291246 0.004272711 -0.775934100 -0.985693812 0.106254660 -0.130834684 15.120305061
-0.131353050 0.008740755 0.991297245 90.227981567 0.105598532 0.994395256 0.005224398 -0.781344175 -0.985695362 0.105365761 -0.131539896 14.882085800
-0.132689506 0.008481380 0.991121352 92.064247131 0.105650589 0.994387329 0.005634978 -0.780960798 -0.985510707 0.105460264 -0.132840812 14.652361870
-0.133017719 0.007633549 0.991084278 93.917640686 0.103297904 0.994631052 0.006203190 -0.777744472 -0.985715926 0.103202038 -0.133092090 14.404078484
-0.135147095 0.008230058 0.990791380 95.747428894 0.102962606 0.994668424 0.005782170 -0.782662749 -0.985461295 0.102795921 -0.135273963 14.169603348
-0.137491897 0.009106350 0.990461051 97.622520447 0.102268688 0.994744003 0.005050802 -0.778890133 -0.985209167 0.101987593 -0.137700498 13.902862549
-0.141469732 0.010187620 0.989890158 99.505035400 0.102893688 0.994682252 0.004468068 -0.773159802 -0.984580636 0.102485545 -0.141765669 13.628894806
-0.146221846 0.009087161 0.989210069 101.389122009 0.100672990 0.994902968 0.005741701 -0.775117517 -0.984115899 0.100426324 -0.146391377 13.362546921
-0.150785506 0.008389266 0.988530934 103.291542053 0.099064022 0.995058715 0.006666060 -0.773454487 -0.983590364 0.098932989 -0.150871515 13.079077721
-0.155291796 0.009181712 0.987825990 105.207382202 0.097968124 0.995170534 0.006151157 -0.776869178 -0.982998848 0.097730681 -0.155441299 12.781988144
-0.159616113 0.011135617 0.987116337 107.132621765 0.098504379 0.995125532 0.004702133 -0.773437440 -0.982252300 0.097985841 -0.159934968 12.467891693
-0.164333969 0.012660744 0.986323476 109.063293457 0.098226108 0.995157659 0.003591569 -0.784105182 -0.981501818 0.097472928 -0.164781809 12.151353836
-0.169239968 0.012800878 0.985491753 111.010871887 0.096822552 0.995294750 0.003699266 -0.789991558 -0.980807424 0.096043892 -0.169683039 11.828826904
-0.173669368 0.012376942 0.984726250 112.962882996 0.095001005 0.995468140 0.004242718 -0.796599507 -0.980211020 0.094286814 -0.174058154 11.483280182
-0.178069696 0.011728430 0.983947992 114.930747986 0.093377754 0.995617986 0.005031478 -0.801504254 -0.979577363 0.092774801 -0.178384572 11.121599197
-0.183659464 0.011202395 0.982926071 116.903594971 0.092469856 0.995697856 0.005930017 -0.803684771 -0.978630960 0.091980122 -0.183905244 10.763690948
-0.188634321 0.010604145 0.981990039 118.886520386 0.092875719 0.995652497 0.007089178 -0.807770908 -0.977645814 0.092540294 -0.188799068 10.379415512
-0.194031820 0.012327436 0.980917752 120.842323303 0.093239263 0.995626092 0.005931044 -0.807273328 -0.976554215 0.092610851 -0.194332570 10.003484726
-0.199467644 0.013343371 0.979813516 122.806045532 0.092942871 0.995657027 0.005361911 -0.810949624 -0.975486696 0.092136189 -0.199841544 9.612482071
-0.205240026 0.013483192 0.978618801 124.803039551 0.093556479 0.995596468 0.005903956 -0.803530574 -0.974229753 0.092767864 -0.205597728 9.202419281
-0.210646927 0.013427222 0.977469921 126.789497375 0.092368148 0.995705426 0.006227817 -0.801871896 -0.973188579 0.091598950 -0.210982531 8.781312943
-0.215891764 0.014153159 0.976314723 128.780441284 0.091519885 0.995786309 0.005802291 -0.800076365 -0.972118676 0.090604864 -0.216277346 8.346399307
-0.221372843 0.014841761 0.975076199 130.788757324 0.090791367 0.995854974 0.005454453 -0.800547361 -0.970953584 0.089735970 -0.221802771 7.911781311
-0.225750461 0.014158379 0.974082232 132.785614014 0.092060432 0.995729625 0.006862624 -0.800811768 -0.969825566 0.091223687 -0.226089835 7.451761246
-0.229384035 0.014301009 0.973230958 134.801940918 0.094471648 0.995498180 0.007638126 -0.792141616 -0.968740404 0.093694791 -0.229702428 6.973207474
-0.232728705 0.015010796 0.972425818 136.809677124 0.095845491 0.995367408 0.007573576 -0.793499410 -0.967807293 0.094965219 -0.233089283 6.489421844
-0.235797212 0.015818685 0.971673548 138.819488525 0.096411742 0.995315552 0.007192791 -0.791592538 -0.967007935 0.095376790 -0.236217752 6.004552841
-0.239494741 0.015933571 0.970766902 140.861160278 0.095632598 0.995390236 0.007255482 -0.789376080 -0.966176391 0.094574608 -0.239914492 5.514446259
-0.242704764 0.016431449 0.969961047 142.883743286 0.094720937 0.995480299 0.006837426 -0.793138444 -0.965464771 0.093535095 -0.243164256 5.009025574
-0.248218685 0.017406031 0.968547702 144.927642822 0.093732990 0.995578408 0.006130009 -0.790441096 -0.964158595 0.092306457 -0.248752698 4.504814148
-0.252277702 0.016637858 0.967511833 146.969635010 0.092287816 0.995708108 0.006941211 -0.802324533 -0.963243961 0.091040663 -0.252730459 4.017879486
-0.256658018 0.017000506 0.966352761 149.008178711 0.092608944 0.995677412 0.007080030 -0.802648664 -0.962055206 0.091310039 -0.257122993 3.475769043
-0.261320859 0.017353758 0.965096116 151.057098389 0.091910459 0.995742798 0.006981938 -0.806163311 -0.960866213 0.090526938 -0.261803389 2.933650970
-0.266464353 0.017684391 0.963682532 153.117553711 0.091448039 0.995785177 0.007012467 -0.803074241 -0.959496737 0.089995466 -0.266958445 2.383342743
-0.271071225 0.016745847 0.962413609 155.166458130 0.091219664 0.995795786 0.008366040 -0.812061429 -0.958227217 0.090058863 -0.271459103 1.817737579
-0.275893301 0.016803313 0.961041391 157.229751587 0.091745421 0.995742500 0.008927993 -0.808828712 -0.956799686 0.090634301 -0.276260376 1.245849609
-0.280374885 0.017351197 0.959733725 159.320205688 0.092186421 0.995701730 0.008929715 -0.808695793 -0.955453515 0.090978093 -0.280769408 0.656841278
-0.284016013 0.018454254 0.958641827 161.388504028 0.092552558 0.995673597 0.008253334 -0.805739760 -0.954342067 0.091068834 -0.284495234 0.050483704
-0.287668616 0.019890545 0.957523465 163.451812744 0.092517793 0.995685637 0.007111824 -0.808163881 -0.953250885 0.090633802 -0.288267732 -0.562728882
-0.291367471 0.021151818 0.956377327 165.533325195 0.093290135 0.995618403 0.006401848 -0.810124159 -0.952051342 0.091085866 -0.292064160 -1.177009583
-0.294816196 0.021767816 0.955305994 167.624984741 0.092552714 0.995690465 0.005874593 -0.811797082 -0.951061189 0.090148069 -0.295560420 -1.814590454
-0.298867375 0.021623028 0.954049647 169.728286743 0.092854351 0.995658278 0.006521663 -0.818532586 -0.949766457 0.090536766 -0.299577594 -2.457744598
-0.302856386 0.021752898 0.952787936 171.819931030 0.092496216 0.995690703 0.006668762 -0.818478703 -0.948536932 0.090148941 -0.303563386 -3.109237671
-0.307020575 0.023105765 0.951422334 173.921752930 0.094907477 0.995465219 0.006450931 -0.816735744 -0.946958780 0.092277668 -0.307821214 -3.782520294
-0.309940994 0.023276502 0.950470805 176.018035889 0.096916147 0.995266199 0.007230076 -0.817725301 -0.945803285 0.094356894 -0.310729682 -4.472358704
-0.312354505 0.022873618 0.949690223 178.080718994 0.097827986 0.995169520 0.008206761 -0.819731355 -0.944914997 0.095469683 -0.313083351 -5.144207001
-0.315339953 0.022651639 0.948708415 180.181701660 0.097516105 0.995196342 0.008651652 -0.811328411 -0.943955123 0.095242538 -0.316034079 -5.838184357
-0.318134129 0.023234934 0.947760940 182.286209106 0.096644416 0.995286405 0.008040497 -0.812314153 -0.943106771 0.094153762 -0.318880081 -6.537780762
-0.320865124 0.025328802 0.946786165 184.394256592 0.096202523 0.995343864 0.005975113 -0.811783671 -0.942226589 0.093000412 -0.321807772 -7.249050140
-0.324158639 0.027358012 0.945607185 186.518905640 0.095956154 0.995377123 0.004096298 -0.814610541 -0.941123486 0.092064694 -0.325285345 -7.969600677
-0.326992273 0.028188167 0.944606662 188.633819580 0.095158346 0.995456815 0.003235138 -0.827809334 -0.940223873 0.090945050 -0.328189105 -8.701610565
-0.330356777 0.029397050 0.943398237 190.793151855 0.093540020 0.995613992 0.001731473 -0.832188010 -0.939209580 0.088817485 -0.331657708 -9.447875977
-0.333268881 0.029986661 0.942354858 192.923492432 0.094977222 0.995477617 0.001912134 -0.843329430 -0.938035727 0.090139508 -0.334609807 -10.216377258
-0.336955875 0.028747108 0.941081405 195.097045898 0.094077833 0.995559454 0.003273496 -0.854853690 -0.936808467 0.089637928 -0.338164032 -10.981403351
-0.340196222 0.027878292 0.939941108 197.260147095 0.093779385 0.995583236 0.004413291 -0.864305198 -0.935666502 0.089648478 -0.341308087 -11.766284943
-0.343839198 0.027901385 0.938613832 199.421478271 0.093749203 0.995584548 0.004747926 -0.865977228 -0.934337020 0.089626826 -0.344936758 -12.556884766
-0.347202986 0.028335802 0.937361836 201.580154419 0.093336269 0.995624602 0.004475112 -0.874323547 -0.933133662 0.089043610 -0.348328531 -13.349643707
-0.351139337 0.028704733 0.935883105 203.754669189 0.092385389 0.995714784 0.004122755 -0.886456370 -0.931754231 0.087909594 -0.352286488 -14.159347534
-0.354669839 0.029257257 0.934533656 205.939544678 0.091925137 0.995759010 0.003712974 -0.895489097 -0.930461586 0.087224014 -0.355855227 -14.973121643
-0.357162446 0.029975016 0.933561206 208.066299438 0.093463421 0.995615423 0.003789815 -0.912662446 -0.929354548 0.088607386 -0.358397990 -15.791660309
-0.359425604 0.029778915 0.932698488 210.211318970 0.094451144 0.995518804 0.004613143 -0.924860656 -0.928381503 0.089752510 -0.360627532 -16.621540070
-0.361959517 0.029128447 0.931738615 212.388717651 0.095742784 0.995387554 0.006075651 -0.936311245 -0.927264035 0.091406368 -0.363078922 -17.471973419
-0.364791960 0.030157201 0.930600524 214.586639404 0.097150646 0.995252609 0.005830366 -0.942963362 -0.926006794 0.092535295 -0.365990013 -18.330810547
-0.367648154 0.031231632 0.929440379 216.781509399 0.097502224 0.995222092 0.005125777 -0.951135159 -0.924839437 0.092506975 -0.368936777 -19.192676544
-0.370400548 0.031320956 0.928343952 218.970367432 0.096735530 0.995297492 0.005016711 -0.959878206 -0.923821390 0.091662034 -0.371688545 -20.059700012
-0.373704672 0.032601014 0.926974654 221.154159546 0.096448861 0.995330393 0.003877810 -0.974584818 -0.922519624 0.090854816 -0.375104010 -20.929260254
-0.376611233 0.033938792 0.925749540 223.349014282 0.096280597 0.995350599 0.002678201 -0.981721938 -0.921354473 0.090140358 -0.378127813 -21.812877655
-0.379519492 0.033843037 0.924564540 225.524642944 0.093853295 0.995583773 0.002082662 -0.997782707 -0.920411050 0.087563820 -0.381019771 -22.691562653
-0.382622242 0.035083853 0.923238516 227.703552246 0.094958536 0.995480061 0.001525030 -1.011472940 -0.919012010 0.088252872 -0.384224266 -23.584537506
-0.385140538 0.034575135 0.922210038 229.865554810 0.096172445 0.995360613 0.002846610 -1.032289267 -0.917833090 0.089787543 -0.386678904 -24.488731384
-0.387893140 0.033591866 0.921092033 232.037567139 0.096640289 0.995309651 0.004398899 -1.049768448 -0.916624010 0.090720907 -0.389320046 -25.396053314
-0.391193092 0.033110578 0.919712782 234.166473389 0.095312469 0.995436311 0.004703762 -1.062708735 -0.915359735 0.089500174 -0.392563671 -26.289302826
-0.394479513 0.033481177 0.918294489 236.302810669 0.094197914 0.995544791 0.004167650 -1.078139544 -0.914063811 0.088145472 -0.395875841 -27.196971893
-0.398061723 0.032757707 0.916773558 238.496734619 0.092515320 0.995700598 0.004592123 -1.089419007 -0.912681639 0.086643517 -0.399380982 -28.136737823
-0.402133465 0.031934191 0.915023983 240.672698975 0.091521852 0.995788038 0.005469052 -1.105303764 -0.910995305 0.085943975 -0.403362364 -29.070510864
-0.405951768 0.032467477 0.913317442 242.830657959 0.091463268 0.995794594 0.005254185 -1.117975354 -0.909306109 0.085667960 -0.407214105 -30.020179749
-0.409655660 0.031857762 0.911683738 244.989089966 0.090551928 0.995874345 0.005888871 -1.132674336 -0.907734752 0.084967144 -0.410850435 -30.979125977
-0.413806021 0.031462204 0.909821272 247.160018921 0.089336328 0.995982289 0.006190338 -1.142944694 -0.905971050 0.083841674 -0.414954185 -31.943778992
-0.417548001 0.031617664 0.908104658 249.284255981 0.088760473 0.996034265 0.006133089 -1.149897814 -0.904309273 0.083164677 -0.418698400 -32.909057617
-0.420877755 0.032645818 0.906529725 251.416992188 0.089560829 0.995964885 0.005714182 -1.166306376 -0.902685285 0.083594538 -0.422103286 -33.896591187
-0.424592137 0.032807104 0.904790103 253.494384766 0.089709461 0.995949924 0.005985586 -1.183904290 -0.900929332 0.083709657 -0.425815701 -34.858833313
-0.428399235 0.032851577 0.902992129 255.633163452 0.089430384 0.995973825 0.006193411 -1.191466808 -0.899153054 0.083408199 -0.429612339 -35.859657288
-0.431805879 0.033204950 0.901355147 257.726165771 0.088699535 0.996041536 0.005799576 -1.206178904 -0.897594631 0.082454070 -0.433041871 -36.865638733
-0.435553819 0.033516843 0.899538457 259.829284668 0.088923559 0.996020734 0.005944742 -1.218317866 -0.895759702 0.082579404 -0.436801016 -37.871261597
-0.438817382 0.034150019 0.897927046 261.939575195 0.089461625 0.995973170 0.005841016 -1.219762921 -0.894111812 0.082893141 -0.440105438 -38.902694702
-0.442164868 0.035545103 0.896229208 264.069305420 0.090838157 0.995851457 0.005319844 -1.220583797 -0.892322063 0.083764054 -0.443559378 -39.948661804
-0.445472717 0.037343312 0.894516349 266.199584961 0.092958629 0.995658755 0.004728077 -1.233000159 -0.890456498 0.085259244 -0.447010249 -41.010276794
-0.448518455 0.038342442 0.892950773 268.343475342 0.094737098 0.995490551 0.004839906 -1.243728757 -0.888738453 0.086766355 -0.450128347 -42.084213257
-0.451125890 0.040552065 0.891538501 270.469451904 0.096671648 0.995309651 0.003644521 -1.246809483 -0.887209058 0.087830640 -0.452930242 -43.167076111
-0.453942537 0.042953599 0.889995039 272.591796875 0.098540939 0.995130479 0.002233146 -1.265781403 -0.885565221 0.088714674 -0.455964804 -44.220726013
-0.456930935 0.043611638 0.888432384 274.743927002 0.099265657 0.995058656 0.002207739 -1.274056911 -0.883945942 0.089199618 -0.459002197 -45.303504944
-0.459880710 0.044795215 0.886850119 276.914672852 0.099942096 0.994992018 0.001567975 -1.286550999 -0.882338583 0.089354746 -0.462054521 -46.415672302
-0.462986678 0.044578858 0.885243416 279.082519531 0.098891847 0.995096803 0.001610106 -1.293411016 -0.880831182 0.088288821 -0.465125084 -47.546134949
-0.465880066 0.046044201 0.883649111 281.246154785 0.100141279 0.994972765 0.000951821 -1.305428147 -0.879163086 0.088933192 -0.468148828 -48.684165955
-0.468751103 0.046240781 0.882119179 283.409851074 0.099348351 0.995052516 0.000632150 -1.313465476 -0.877725661 0.087933391 -0.471025854 -49.836265564
-0.470990419 0.046191495 0.880928159 285.573028564 0.098213151 0.995165348 0.000328382 -1.322459817 -0.876653969 0.086673394 -0.473249912 -50.991012573
-0.472868055 0.047682621 0.879842103 287.729736328 0.100422218 0.994944930 0.000051003 -1.324866652 -0.875392020 0.088379793 -0.475266129 -52.158935547
-0.474999636 0.047296040 0.878714085 289.929992676 0.101932913 0.994790077 0.001557361 -1.345571041 -0.874062359 0.090309627 -0.477345943 -53.332527161
-0.477091610 0.047788139 0.877553344 292.131805420 0.103113152 0.994667828 0.001892855 -1.351002216 -0.872783661 0.091390342 -0.479475260 -54.525108337
-0.478150547 0.047612615 0.876986265 294.296295166 0.103484772 0.994628012 0.002422437 -1.360744476 -0.872159898 0.091913000 -0.480509192 -55.711410522
-0.481436491 0.046287119 0.875257850 296.535095215 0.101490520 0.994831324 0.003214324 -1.356561422 -0.870585203 0.090377852 -0.483645767 -56.909141541
-0.483599812 0.047615383 0.873993099 298.767120361 0.103791408 0.994593799 0.003244350 -1.349493861 -0.869113624 0.092281945 -0.485927522 -58.146598816
-0.485898435 0.047663812 0.872714579 300.984405518 0.104343571 0.994534135 0.003777954 -1.350721717 -0.867764413 0.092897855 -0.488215983 -59.374435425
-0.488689721 0.048030335 0.871134579 303.218017578 0.103411458 0.994633615 0.003172351 -1.361850500 -0.866307378 0.091635585 -0.491034091 -60.602981567
-0.491400123 0.050703004 0.869456828 305.425964355 0.103074156 0.994673789 0.000250406 -1.363303542 -0.864813089 0.089741565 -0.494008929 -61.830230713
-0.494798183 0.049245033 0.867611468 307.658508301 0.100802541 0.994905949 0.001017442 -1.381529808 -0.863141716 0.087960862 -0.497241735 -63.098655701
-0.498931974 0.047706109 0.865327120 309.864135742 0.099104039 0.995074451 0.002282415 -1.394141078 -0.860956192 0.086896166 -0.501202285 -64.348175049
-0.504127562 0.044993091 0.862456381 312.103698730 0.096146166 0.995358050 0.004273481 -1.400141478 -0.858260632 0.085076258 -0.506113350 -65.623336792
-0.508604944 0.044264819 0.859861434 314.362640381 0.095618717 0.995403767 0.005315720 -1.399991870 -0.855674028 0.084922440 -0.510499835 -66.938751221
-0.512958348 0.044568498 0.857255697 316.645843506 0.096257359 0.995339215 0.005850348 -1.399336934 -0.852999449 0.085518152 -0.514857709 -68.290626526
-0.516891420 0.046282332 0.854798913 318.956146240 0.098970637 0.995072365 0.005969589 -1.398120761 -0.850310564 0.087685615 -0.518925011 -69.669006348
-0.520348787 0.047391653 0.852637768 321.214294434 0.099308982 0.995042443 0.005299548 -1.384324193 -0.848159671 0.087432191 -0.522475600 -71.050537109
-0.524490476 0.047114614 0.850111663 323.478759766 0.100521311 0.994911134 0.006878643 -1.398873568 -0.845461547 0.089062132 -0.526557386 -72.433258057
-0.528357863 0.046469372 0.847749114 325.711547852 0.101425909 0.994805336 0.008683234 -1.400121212 -0.842941701 0.090571575 -0.530326366 -73.832214355
-0.532101274 0.044053506 0.845533788 327.955230713 0.098947391 0.995038033 0.010425516 -1.395456076 -0.840878963 0.089210808 -0.533820093 -75.248558044
-0.536404431 0.043794375 0.842824042 330.188903809 0.098274060 0.995100260 0.010838360 -1.395788908 -0.838219881 0.088641480 -0.538080096 -76.643592834
-0.540870309 0.043615822 0.839974403 332.425903320 0.098259270 0.995093226 0.011600021 -1.392819881 -0.835346878 0.088809371 -0.542502046 -78.063423157
-0.545102417 0.043621089 0.837233841 334.662597656 0.099182032 0.994987726 0.012734693 -1.387446880 -0.832481802 0.089980252 -0.546696782 -79.493110657
-0.549681485 0.043134868 0.834259868 336.890197754 0.099465825 0.994941294 0.014093777 -1.375948906 -0.829431653 0.090727441 -0.551191270 -80.930702209
-0.553221822 0.041897666 0.831979632 339.122497559 0.097683914 0.995106816 0.014841978 -1.363861084 -0.827286839 0.089481950 -0.554607451 -82.399299622
-0.556628704 0.040975329 0.829750240 341.346069336 0.097472526 0.995105565 0.016247327 -1.348266602 -0.825023353 0.089921586 -0.557898343 -83.880020142
-0.559424698 0.040617138 0.827885389 343.549499512 0.098336339 0.994996965 0.017632712 -1.334152222 -0.823027194 0.091275401 -0.560620070 -85.353477478
-0.562522769 0.039933745 0.825816810 345.775573730 0.095911838 0.995241106 0.017205870 -1.313323021 -0.821199656 0.088884294 -0.563675940 -86.859291077
-0.565909445 0.039002821 0.823544323 347.954223633 0.091887109 0.995641053 0.015988184 -1.293220520 -0.819330871 0.084720977 -0.567026556 -88.322578430
-0.569436133 0.038437948 0.821136415 350.123718262 0.088577516 0.995959222 0.014804634 -1.274446964 -0.817249358 0.081164524 -0.570539951 -89.786506653
-0.572053909 0.035672098 0.819439948 352.316833496 0.086517997 0.996104598 0.017035812 -1.262651920 -0.815640211 0.080641724 -0.572911799 -91.311454773
-0.575726628 0.035238158 0.816882551 354.507873535 0.087347120 0.996004343 0.018595945 -1.241583347 -0.812963307 0.082058519 -0.576504171 -92.822174072
-0.578972042 0.035678625 0.814566374 356.697082520 0.086845919 0.996057332 0.018099699 -1.215209007 -0.810709059 0.081220992 -0.579787910 -94.347923279
-0.582271338 0.034556430 0.812259853 358.897186279 0.084763184 0.996231616 0.018379558 -1.197047710 -0.808563590 0.079551615 -0.583006322 -95.890121460
-0.585685253 0.030584097 0.809961379 361.084136963 0.082111970 0.996385813 0.021751912 -1.176915169 -0.806368649 0.079247303 -0.586079717 -97.439315796
-0.588952005 0.028325900 0.807671428 363.275726318 0.079877473 0.996532381 0.023297001 -1.142464638 -0.804210782 0.078235559 -0.589172423 -99.007957458
-0.592396677 0.027523194 0.805176258 365.494079590 0.078616336 0.996621490 0.023773506 -1.106623650 -0.801801503 0.077383347 -0.592558980 -100.599670410
-0.595750272 0.027128037 0.802711368 367.663574219 0.077359624 0.996720850 0.023729494 -1.074784279 -0.799435496 0.076234281 -0.595895290 -102.174674988
-0.598510385 0.026759099 0.800667942 369.830047607 0.077209063 0.996716261 0.024403634 -1.041541100 -0.797385693 0.076424628 -0.598611236 -103.761093140
-0.602196753 0.025599873 0.797937274 371.979217529 0.076643310 0.996722996 0.025864651 -1.019804001 -0.794660211 0.076732151 -0.602185488 -105.343139648
-0.605532289 0.024127686 0.795454919 374.147735596 0.073534600 0.996960521 0.025737755 -0.986880302 -0.792416155 0.074078500 -0.605465949 -106.954780579
-0.609034240 0.020562604 0.792877376 376.307586670 0.063368849 0.997729659 0.022800360 -0.954380035 -0.790608466 0.064129941 -0.608954549 -108.565727234
-0.612896144 0.023300160 0.789819837 378.464599609 0.056050982 0.998329103 0.014043965 -0.937240601 -0.788172960 0.052877672 -0.613178074 -110.182815552
-0.615797937 0.033581033 0.787188172 380.607757568 0.066242427 0.997760653 0.009255872 -0.931352377 -0.785114527 0.057845000 -0.616643429 -111.835906982
-0.616893947 0.034836214 0.786274970 382.738952637 0.073963173 0.997164786 0.013850081 -0.929176331 -0.783563197 0.066699408 -0.617721498 -113.493331909
-0.619211197 0.025642755 0.784805655 384.876251221 0.073189050 0.997000396 0.025170105 -0.903245926 -0.781806111 0.073024794 -0.619230628 -115.162132263
-0.622745693 0.014920551 0.782282054 387.022644043 0.066710807 0.997190058 0.034086488 -0.846448898 -0.779575169 0.073413894 -0.621991098 -116.821495056
-0.626751959 0.008637489 0.779170990 389.147644043 0.060561724 0.997453868 0.037657578 -0.782510757 -0.776861668 0.070789896 -0.625679374 -118.469871521
-0.629945755 0.008118059 0.776596606 391.247985840 0.059174165 0.997540355 0.037572172 -0.713615417 -0.774381399 0.069622897 -0.628876686 -120.129753113
-0.634003937 0.013085117 0.773219109 393.359313965 0.064226329 0.997293532 0.035785507 -0.659951210 -0.770658135 0.072349183 -0.633128405 -121.794441223
-0.636457503 0.019467676 0.771066129 395.404907227 0.068835393 0.997126102 0.031643301 -0.603494644 -0.768234074 0.073216252 -0.635968387 -123.458198547
-0.639848530 0.022073103 0.768183887 397.482879639 0.069570638 0.997146785 0.029295800 -0.561761856 -0.765345335 0.072187938 -0.639558613 -125.125885010
-0.643485308 0.022539698 0.765126526 399.580749512 0.069728978 0.997136533 0.029268909 -0.508535385 -0.762275875 0.072185606 -0.643214345 -126.848617554
-0.646523535 0.021632282 0.762587130 401.648254395 0.070486881 0.997015953 0.031476654 -0.461176872 -0.759630740 0.074102804 -0.646118999 -128.586257935
-0.648778141 0.021007460 0.760687470 403.693176270 0.070963353 0.996933103 0.032991793 -0.398805618 -0.757661641 0.075385302 -0.648279309 -130.325164795
-0.650855839 0.020973075 0.758911550 405.745819092 0.071321569 0.996886730 0.033616930 -0.346110344 -0.755843759 0.076006532 -0.650325418 -132.056015015
-0.652063370 0.021421256 0.757861793 407.827697754 0.071504593 0.996882737 0.033345204 -0.282516479 -0.754785061 0.075933777 -0.651562452 -133.834548950
-0.653520346 0.022171857 0.756584167 409.878173828 0.072444312 0.996814191 0.033363920 -0.224965096 -0.753434122 0.076614223 -0.653044581 -135.593597412
-0.654789329 0.021470696 0.755506456 411.914916992 0.073162243 0.996702731 0.035083693 -0.159075737 -0.752262115 0.078246981 -0.654201090 -137.343566895
-0.655360639 0.020968370 0.755024970 413.960876465 0.075334594 0.996444702 0.037717301 -0.096874237 -0.751549840 0.081597924 -0.654610336 -139.122451782
-0.656774759 0.020679729 0.753803194 415.999176025 0.077010281 0.996236861 0.039767019 -0.025930405 -0.750144184 0.084168576 -0.655895829 -140.876007080
-0.658128977 0.020856878 0.752616167 418.020690918 0.075503156 0.996405482 0.038411230 0.048837662 -0.749109805 0.082104437 -0.657338202 -142.628173828
-0.659947693 0.020762114 0.751024604 420.035522461 0.071558110 0.996810734 0.035323374 0.114251137 -0.747896016 0.077053472 -0.659328640 -144.369262695
-0.661548495 0.020267561 0.749628544 422.040222168 0.068614960 0.997077346 0.033595037 0.176471710 -0.746756673 0.073660485 -0.661005616 -146.109954834
-0.663062215 0.019524565 0.748309731 424.047882080 0.068453118 0.997052670 0.034640275 0.230091095 -0.745427847 0.074192792 -0.662444532 -147.855484009
-0.663857639 0.018133074 0.747639120 426.044769287 0.065724932 0.997252464 0.034172554 0.296769142 -0.744965315 0.071824238 -0.663225412 -149.591415405
-0.664854825 0.016706401 0.746785700 428.057037354 0.062436298 0.997494221 0.033271290 0.354927063 -0.744358659 0.068747126 -0.664231896 -151.357162476
-0.665302455 0.015874270 0.746405125 430.055725098 0.061335959 0.997556269 0.033455677 0.412225723 -0.744050145 0.068039626 -0.664650261 -153.119201660
-0.666275620 0.014565178 0.745563328 432.050842285 0.062010791 0.997428477 0.035930615 0.473800659 -0.743122816 0.070172660 -0.665465474 -154.875152588
-0.666129470 0.013652286 0.745711148 434.053558350 0.064620405 0.997129083 0.039469004 0.547979355 -0.743031442 0.074479640 -0.665099323 -156.652099609
-0.665117443 0.012683485 0.746630967 436.039947510 0.069280073 0.996591508 0.044786684 0.627378464 -0.743518054 0.081515066 -0.663728952 -158.415542603
-0.663557112 0.011665864 0.748034596 438.038787842 0.072684050 0.996153533 0.048940293 0.718309402 -0.744586468 0.086844884 -0.661852777 -160.181198120
-0.662280262 0.009101967 0.749200821 440.026702881 0.066851765 0.996655881 0.046987504 0.812582016 -0.746267855 0.081204310 -0.660673976 -161.902862549
-0.661626875 0.008383342 0.749786317 442.032653809 0.059609476 0.997360826 0.041449144 0.900140762 -0.747460127 0.072118238 -0.660380423 -163.637542725
-0.659673810 0.006325783 0.751525342 444.029083252 0.055258036 0.997666240 0.040106781 0.969678879 -0.749517858 0.067985222 -0.658483803 -165.380004883
-0.657516539 0.005940249 0.753416538 446.047546387 0.053196546 0.997839391 0.038557939 1.042205811 -0.751559794 0.065431647 -0.656412065 -167.109588623
-0.655288875 0.006842496 0.755347371 448.059112549 0.055409878 0.997700453 0.039031982 1.113464355 -0.753343344 0.067430928 -0.654161215 -168.832458496
-0.652230978 0.006693779 0.757990718 450.060302734 0.055880290 0.997664690 0.039273173 1.188854218 -0.755957782 0.067971915 -0.651081920 -170.545486450
-0.649198174 0.007473402 0.760582626 452.057037354 0.053411305 0.997931242 0.035783857 1.258586884 -0.758741736 0.063854516 -0.648254275 -172.247543335
-0.647866666 0.002636818 0.761749089 454.081451416 0.046776567 0.998244584 0.036327958 1.322681427 -0.760316193 0.059167694 -0.646852672 -173.943572998
-0.647122264 -0.003908232 0.762376249 456.113769531 0.037719086 0.998598039 0.037136007 1.384496689 -0.761452615 0.052787673 -0.646067679 -175.624603271
-0.647083640 -0.007425828 0.762382805 458.153564453 0.030349214 0.998909056 0.035489004 1.447503090 -0.761814594 0.046102069 -0.646152437 -177.301666260
-0.646576643 -0.007920876 0.762807906 460.187316895 0.028688185 0.998986423 0.034690190 1.508525848 -0.762309432 0.044313446 -0.645693958 -178.993850708
-0.645541191 -0.007354329 0.763690054 462.220581055 0.031268109 0.998860717 0.036049705 1.572891235 -0.763085127 0.047150701 -0.644575775 -180.692489624
-0.644408941 -0.008924599 0.764629006 464.263519287 0.032556254 0.998705029 0.039094225 1.632623672 -0.763987720 0.050086129 -0.643283904 -182.370758057
-0.643366516 -0.010821656 0.765481830 466.270507812 0.031046480 0.998708844 0.040212505 1.713310242 -0.764928520 0.049636912 -0.642199755 -184.037017822
-0.642378569 -0.011081602 0.766307354 468.320739746 0.029365392 0.998805285 0.039060127 1.785253525 -0.765824676 0.047594301 -0.641285717 -185.722427368
-0.641322792 -0.010722112 0.767196298 470.355529785 0.027167272 0.998958051 0.036671095 1.857794762 -0.766790092 0.044360638 -0.640363276 -187.393234253
-0.640354335 -0.009317508 0.768023133 472.403686523 0.027857957 0.998986781 0.035346635 1.917557716 -0.767574310 0.044029925 -0.639445901 -189.078430176
-0.639512479 -0.008525254 0.768733442 474.421936035 0.030198099 0.998888135 0.036199603 1.980133057 -0.768187404 0.046364393 -0.638544023 -190.732528687
