1.000000000 0.000000000 0.000000000 0.000000000 0.000000000 1.000000000 0.000000000 0.000000000 0.000000000 0.000000000 1.000000000 0.000000000
0.999041498 -0.000563334 0.043772332 0.045746773 0.000667549 0.999997079 -0.002366259 -0.020068381 -0.043770872 0.002393211 0.999038696 1.027362108
0.996032476 -0.004719225 0.088864386 0.139289171 0.005393542 0.999958456 -0.007349571 -0.038935170 -0.088826008 0.007799705 0.996016622 2.052779913
0.990871012 -0.004105208 0.134750634 0.269602954 0.005710485 0.999917269 -0.011528595 -0.060106993 -0.134692162 0.012192842 0.990812540 3.061896563
0.983532012 -0.001286984 0.180729330 0.450054586 0.003795817 0.999901175 -0.013536555 -0.092353545 -0.180694044 0.013999650 0.983439744 4.089783192
0.973987818 -0.003753363 0.226569369 0.685090780 0.006995520 0.999884307 -0.013508547 -0.123306818 -0.226492420 0.014742130 0.973901331 5.094616413
0.962308407 -0.004215464 0.271927834 0.958368123 0.008557547 0.999854028 -0.014783889 -0.152588516 -0.271825761 0.016553691 0.962204099 6.104923248
0.948750973 -0.006994042 0.315947205 1.284360170 0.013138702 0.999763608 -0.017322410 -0.187303558 -0.315751433 0.020585787 0.948618591 7.091065407
0.933578312 -0.008468199 0.358273357 1.657358050 0.016458083 0.999679089 -0.019257437 -0.217948392 -0.357995391 0.023874819 0.933418095 8.045995712
0.916337430 -0.008620014 0.400314122 2.069900513 0.018165402 0.999633908 -0.020056199 -0.250843585 -0.399994642 0.025650119 0.916158497 8.976233482
0.896790206 -0.008916732 0.442366391 2.514942646 0.019085126 0.999645889 -0.018540692 -0.285035074 -0.442044467 0.025069727 0.896642804 9.891049385
0.874958515 -0.008998820 0.484114319 3.013455153 0.019999068 0.999645650 -0.017563462 -0.326442778 -0.483784705 0.025049133 0.874828458 10.778409958
0.850987256 -0.009151840 0.525106668 3.550328016 0.020870289 0.999647617 -0.016399976 -0.360029578 -0.524771452 0.024915295 0.850878417 11.650573730
0.825529754 -0.009657891 0.564275920 4.146133423 0.022911817 0.999602914 -0.016410999 -0.399098158 -0.563893259 0.026476363 0.825423121 12.506921768
0.798243701 -0.011285438 0.602228880 4.761470318 0.026208134 0.999528348 -0.016007803 -0.429796278 -0.601764083 0.028561426 0.798162997 13.320595741
0.769402981 -0.010226643 0.638681829 5.427306175 0.026916821 0.999502718 -0.016421836 -0.464042068 -0.638196349 0.029826291 0.769295692 14.131658554
0.738849401 -0.013434858 0.673736691 6.105615139 0.031699691 0.999387383 -0.014834681 -0.497915417 -0.673124671 0.032317843 0.738822520 14.863980293
0.706776559 -0.012492037 0.707326591 6.843938828 0.032006942 0.999384820 -0.014331993 -0.528381586 -0.706712425 0.032768875 0.706741631 15.599672318
0.672796786 -0.011104062 0.739744008 7.590114594 0.032938421 0.999345481 -0.014956624 -0.561572671 -0.739093661 0.034428775 0.672722220 16.272344589
0.637053788 -0.012669771 0.770715356 8.389547348 0.038119618 0.999159276 -0.015083550 -0.589255989 -0.769876182 0.038988400 0.637001097 16.941068649
0.600285590 -0.011144616 0.799708188 9.181474686 0.038199812 0.999161184 -0.014749791 -0.620205879 -0.798872888 0.039402783 0.600207806 17.532634735
0.562548518 -0.009779127 0.826706469 10.028029442 0.040998023 0.999029815 -0.016080357 -0.649055779 -0.825747132 0.042939309 0.562403679 18.107246399
0.523505628 -0.007801154 0.851986587 10.873744965 0.045615453 0.998780489 -0.018883288 -0.672882736 -0.850800216 0.048749264 0.523223102 18.632135391
0.484989583 -0.007142848 0.874490678 11.755390167 0.047200095 0.998723030 -0.018019442 -0.703360438 -0.873245239 0.050015297 0.484707385 19.106046677
0.446362942 -0.008776700 0.894808948 12.658153534 0.052344676 0.998495698 -0.016317701 -0.728609979 -0.893319786 0.054122105 0.446150899 19.555572510
0.409739912 -0.009510120 0.912152946 13.576185226 0.056367863 0.998298705 -0.014912217 -0.754661202 -0.910459161 0.057526227 0.409578890 19.947864532
0.374580652 -0.006997920 0.927167952 14.512489319 0.057643838 0.998212993 -0.015754269 -0.782495975 -0.925400734 0.059346762 0.374314636 20.320554733
0.341118813 -0.007893545 0.939987063 15.481227875 0.058097828 0.998230100 -0.012700908 -0.805474758 -0.938223064 0.058943719 0.340973705 20.668842316
0.307636708 -0.009332030 0.951458097 16.481533051 0.060533993 0.998118162 -0.009782882 -0.826269090 -0.949576318 0.060605127 0.307622671 20.987581253
0.275119334 -0.009261856 0.961365581 17.468317032 0.061196141 0.998094618 -0.007897142 -0.847020864 -0.959460437 0.061004519 0.275161922 21.260385513
0.242871061 -0.006403282 0.970037460 18.468406677 0.058608767 0.998248279 -0.008084543 -0.868405104 -0.968286455 0.058816198 0.242820933 21.515369415
0.212143421 -0.004878247 0.977226377 19.500219345 0.058443774 0.998260915 -0.007704146 -0.883144140 -0.975489497 0.058747169 0.212059572 21.736476898
0.181585595 -0.004755422 0.983363628 20.532962799 0.060194287 0.998166978 -0.006288330 -0.901693225 -0.981531084 0.060334753 0.181538999 21.929653168
0.150992990 -0.004839048 0.988523006 21.619766235 0.061815828 0.998077154 -0.004556306 -0.913024902 -0.986600161 0.061794341 0.151001781 22.085298538
0.120449156 -0.005498944 0.992704272 22.701452255 0.060314119 0.998177767 -0.001788912 -0.925996184 -0.990885556 0.060089562 0.120561354 22.219406128
0.091518365 -0.005974623 0.995785475 23.788270950 0.061039150 0.998135328 0.000378875 -0.939145565 -0.993930817 0.060747236 0.091712371 22.308515549
0.064511433 -0.005656929 0.997900963 24.907323837 0.063789330 0.997962236 0.001533477 -0.943100989 -0.995876074 0.063556522 0.064740844 22.370887756
0.039774988 -0.004969929 0.999196231 26.031433105 0.068116404 0.997674823 0.002250852 -0.946167290 -0.996884167 0.067972139 0.040021047 22.397192001
0.017050350 -0.004332306 0.999845266 27.206850052 0.072502375 0.997363389 0.003085171 -0.945633531 -0.997222483 0.072438546 0.017319499 22.410316467
-0.002978945 -0.004524579 0.999985337 28.360088348 0.078194685 0.996926785 0.004743682 -0.948309302 -0.996933579 0.078207672 -0.002615993 22.398027420
-0.020329919 -0.005247950 0.999779582 29.548593521 0.082585953 0.996559978 0.006910386 -0.949166536 -0.996376574 0.082708232 -0.019826578 22.359539032
-0.036036383 -0.005047486 0.999337673 30.763425827 0.085673772 0.996290147 0.008121512 -0.947081804 -0.995671272 0.085909709 -0.035470255 22.307872772
-0.050376330 -0.005584192 0.998714685 31.961217880 0.087973319 0.996072710 0.010006894 -0.941079617 -0.994848311 0.088364355 -0.049687222 22.249359131
-0.063325033 -0.006535298 0.997971535 33.173805237 0.088217765 0.996027470 0.012120315 -0.937006593 -0.994086325 0.088806339 -0.062496956 22.160537720
-0.075240687 -0.006444318 0.997144580 34.370838165 0.087898463 0.996043682 0.013069682 -0.935021877 -0.993283808 0.088630833 -0.074376583 22.068681717
-0.086901627 -0.003817645 0.996209502 35.599842072 0.087770320 0.996074677 0.011473531 -0.933669925 -0.992342949 0.088434704 -0.086225428 21.973564148
-0.097028397 -0.000480236 0.995281458 36.831012726 0.088097878 0.996070504 0.009069136 -0.926847875 -0.991374910 0.088562138 -0.096604794 21.854373932
-0.106509671 0.001967771 0.994309664 38.095794678 0.089431211 0.995963931 0.007608759 -0.923868179 -0.990281641 0.089732744 -0.106255777 21.724004745
-0.113894962 0.003263430 0.993487358 39.385406494 0.089282036 0.995982170 0.006963807 -0.912868977 -0.989472926 0.089493714 -0.113728695 21.579742432
-0.119385421 0.003638483 0.992841303 40.684745789 0.088872954 0.996018231 0.007036512 -0.910997152 -0.988862455 0.089076817 -0.119233392 21.419265747
-0.124696754 0.005447506 0.992179930 42.010173798 0.090167746 0.995909333 0.005864262 -0.901736438 -0.988089263 0.090193897 -0.124677829 21.258523941
-0.129296705 0.006799743 0.991582632 43.343860626 0.088914186 0.996027827 0.004763679 -0.899587631 -0.987611592 0.088781692 -0.129387721 21.087215424
-0.133554712 0.007502155 0.991013050 44.719200134 0.089566574 0.995970488 0.004530833 -0.895475745 -0.986985862 0.089366749 -0.133688524 20.911943436
-0.137095019 0.006803621 0.990534544 46.111953735 0.088962801 0.996019900 0.005471610 -0.888007998 -0.986554921 0.088870861 -0.137154669 20.740081787
-0.139706016 0.004989957 0.990180433 47.535263062 0.089835428 0.995927155 0.007656096 -0.885170758 -0.986109555 0.090022899 -0.139585286 20.542665482
-0.141335517 0.003632279 0.989955068 48.958690643 0.089732140 0.995923758 0.009156846 -0.879236102 -0.985886574 0.090124972 -0.141085356 20.325647354
-0.144085318 0.003942457 0.989557445 50.391178131 0.092374034 0.995679140 0.009483350 -0.879951835 -0.985244334 0.092775822 -0.143826932 20.139167786
-0.145329535 0.004150254 0.989374697 51.880390167 0.091655895 0.995747447 0.009286378 -0.860786915 -0.985128701 0.092031613 -0.145091891 19.911634445
-0.146142647 0.005780007 0.989246607 53.352977753 0.093743436 0.995563984 0.008031919 -0.845582128 -0.984811842 0.093909197 -0.146036193 19.701850891
-0.146157116 0.005793863 0.989244401 54.843906403 0.093383461 0.995598376 0.007965976 -0.837931514 -0.984843969 0.093543366 -0.146054834 19.480096817
-0.145499244 0.007121567 0.989332855 56.356273651 0.093118697 0.995633602 0.006527859 -0.833576441 -0.984966457 0.093075179 -0.145527050 19.259183884
-0.144162133 0.007221308 0.989527762 57.892551422 0.093705855 0.995579481 0.006386330 -0.823711872 -0.985107422 0.093645222 -0.144201532 19.034959793
-0.143390000 0.005763628 0.989649475 59.458442688 0.092907391 0.995645285 0.007662775 -0.827176750 -0.985295653 0.093044519 -0.143301055 18.826160431
-0.141942352 0.006660407 0.989852548 61.040088654 0.093671486 0.995580375 0.006733302 -0.816235423 -0.985432923 0.093676701 -0.141938910 18.595548630
-0.141053736 0.007327205 0.989974797 62.632015228 0.093407124 0.995610237 0.005939934 -0.808723211 -0.985585570 0.093308546 -0.141118959 18.379383087
-0.139931411 0.007888940 0.990129769 64.236015320 0.094654888 0.995495319 0.005445541 -0.807379842 -0.985626519 0.094482638 -0.140047774 18.150253296
-0.139250055 0.007541475 0.990228534 65.848297119 0.093868576 0.995568752 0.005618047 -0.803277493 -0.985798180 0.093733653 -0.139340937 17.923469543
-0.138044298 0.006018446 0.990407765 67.503913879 0.095874891 0.995366514 0.007314589 -0.794843853 -0.985774696 0.095964976 -0.137981728 17.686439514
-0.137605160 0.004431849 0.990477204 69.200035095 0.098144285 0.995129824 0.009182340 -0.788071990 -0.985612750 0.098473229 -0.137369975 17.438529968
-0.136588290 0.005149762 0.990614474 70.888351440 0.099487491 0.995002151 0.008545000 -0.786325037 -0.985619545 0.099720895 -0.136417970 17.199892044
-0.136380687 0.008048499 0.990623832 72.574165344 0.101848736 0.994782150 0.005939385 -0.765693665 -0.985407114 0.101703800 -0.136488765 16.975730896
-0.135445371 0.007426138 0.990757048 74.278442383 0.100813374 0.994885266 0.006325011 -0.765660405 -0.985642552 0.100738242 -0.135501236 16.741928101
-0.136093378 0.006933236 0.990671754 76.013450623 0.101377442 0.994823575 0.006964421 -0.770602226 -0.985495389 0.101379588 -0.136091828 16.513372421
-0.135698572 0.006050522 0.990731716 77.743049622 0.100717828 0.994885087 0.007719237 -0.759136319 -0.985617399 0.100831822 -0.135613903 16.275234222
-0.135540128 0.006105019 0.990753055 79.458480835 0.102444179 0.994707525 0.007885507 -0.758502185 -0.985461354 0.102565683 -0.135448202 16.045547485
-0.135391414 0.006330914 0.990771949 81.230720520 0.103589684 0.994589448 0.007800476 -0.744860470 -0.985362053 0.103689864 -0.135314703 15.799516678
-0.135243401 0.007796817 0.990781724 82.985458374 0.104247935 0.994530737 0.006403701 -0.732009530 -0.985312939 0.104152992 -0.135316521 15.555749893
-0.135485604 0.008633209 0.990741730 84.787513733 0.103726059 0.994590521 0.005517962 -0.725236058 -0.985334754 0.103513330 -0.135648161 15.294023514
-0.136549175 0.009355406 0.990589261 86.569648743 0.102836996 0.994686723 0.004781608 -0.725213408 -0.985281110 0.102522135 -0.136785716 15.055965424
-0.138862029 0.009608037 0.990265071 88.374343872 0.101998016 0.994773746 0.004651104 -0.734632969 -0.985045016 0.101650923 -0.139116287 14.835113525
-0.139592692 0.008656662 0.990171194 90.190383911 0.100947380 0.994876385 0.005533599 -0.737884343 -0.985050023 0.100727655 -0.139751330 14.580726624
-0.140947253 0.008365757 0.989981711 92.028045654 0.100843087 0.994884551 0.005950203 -0.735776246 -0.984867752 0.100671478 -0.141069859 14.336158752
-0.141343549 0.007480295 0.989932299 93.887100220 0.098401286 0.995125413 0.006530301 -0.732573032 -0.985057950 0.098333612 -0.141390637 14.073993683
-0.143214911 0.008211279 0.989657521 95.714385986 0.098182313 0.995150626 0.005951264 -0.735258937 -0.984809458 0.098019190 -0.143326625 13.821362495
-0.145557851 0.009081908 0.989308059 97.591354370 0.097483806 0.995223403 0.005206672 -0.729607701 -0.984535336 0.097199380 -0.145747930 13.537823677
-0.149744421 0.010119762 0.988672972 99.472717285 0.097838446 0.995191514 0.004632127 -0.722823799 -0.983872056 0.097423844 -0.150014475 13.252080917
-0.154200405 0.009237931 0.987996399 101.347122192 0.095782362 0.995386302 0.005642094 -0.722777307 -0.983385980 0.095502645 -0.154373795 12.969125748
-0.159007668 0.008290669 0.987242520 103.246345520 0.094266951 0.995523572 0.006822649 -0.725783825 -0.982766807 0.094149180 -0.159077436 12.672442436
-0.163543865 0.008996288 0.986495018 105.147521973 0.092919417 0.995653570 0.006324631 -0.728163421 -0.982150376 0.092698894 -0.163668990 12.363855362
-0.167889804 0.011000675 0.985744417 107.059211731 0.093678869 0.995590687 0.004844621 -0.726729393 -0.981344640 0.093156785 -0.168180063 12.034105301
-0.172562867 0.012419496 0.984920204 108.989395142 0.093307465 0.995630145 0.003793383 -0.737543821 -0.980569124 0.092554994 -0.172967598 11.700857162
-0.177610084 0.012589027 0.984020352 110.932365417 0.092051581 0.995746553 0.003875741 -0.741357923 -0.979786217 0.091269009 -0.178013489 11.363147736
-0.182485059 0.012425649 0.983130097 112.884918213 0.090206742 0.995914400 0.004156623 -0.745114684 -0.979061723 0.089443475 -0.182860360 11.010951996
-0.187397048 0.011933695 0.982211769 114.849990845 0.088511720 0.996063709 0.004785236 -0.746555269 -0.978288293 0.087834001 -0.187715665 10.638231277
-0.192999229 0.011305138 0.981133699 116.803184509 0.087642036 0.996135294 0.005762101 -0.747647643 -0.977276921 0.087100618 -0.193244144 10.271318436
-0.198395491 0.011153955 0.980058551 118.779205322 0.088302352 0.996072173 0.006539045 -0.750573993 -0.976136208 0.087838799 -0.198601171 9.873903275
-0.203533337 0.012532194 0.978987813 120.729980469 0.088442244 0.996065319 0.005636501 -0.750404358 -0.975065231 0.087731101 -0.203840882 9.478763580
-0.209088489 0.013785552 0.977799594 122.692626953 0.088026404 0.996106684 0.004779535 -0.752405941 -0.973926842 0.087071523 -0.209487930 9.070264816
-0.215166479 0.013903169 0.976478398 124.670272827 0.088815898 0.996033430 0.005388939 -0.748637080 -0.972530246 0.087886319 -0.215547800 8.654918671
-0.220596001 0.013667800 0.975269496 126.652839661 0.087431476 0.996153533 0.005815633 -0.749725878 -0.971438706 0.086552143 -0.220942527 8.214502335
-0.225802079 0.014411270 0.974066615 128.637115479 0.086675994 0.996222198 0.005353633 -0.747978151 -0.970309556 0.085637048 -0.226198182 7.760452271
-0.231276736 0.015048988 0.972771525 130.641403198 0.085888714 0.996292114 0.005007209 -0.750637531 -0.969089389 0.084708162 -0.231711715 7.304101944
-0.235806838 0.014380537 0.971693516 132.632583618 0.087007195 0.996187329 0.006371535 -0.751938403 -0.967897117 0.086046748 -0.236158997 6.828205109
-0.239493802 0.014636802 0.970787585 134.640518188 0.089540251 0.995958090 0.007073327 -0.746300399 -0.966760159 0.088618599 -0.239836380 6.331655502
-0.243025497 0.015315885 0.969898939 136.644195557 0.090759717 0.995848119 0.007015814 -0.747500956 -0.965764582 0.089732781 -0.243406519 5.831279755
-0.245894998 0.016131565 0.969162166 138.643280029 0.091315188 0.995800197 0.006593460 -0.745545268 -0.964985609 0.090120532 -0.246335343 5.321468353
-0.249527737 0.016240707 0.968231440 140.680389404 0.090726040 0.995853484 0.006677428 -0.745206296 -0.964108229 0.089510009 -0.249966547 4.809539795
-0.252424777 0.016663220 0.967473030 142.702804565 0.089766107 0.995943129 0.006267425 -0.751811504 -0.963443696 0.088428333 -0.252896518 4.280624390
-0.258591801 0.017873868 0.965821385 144.746948242 0.088760421 0.996038735 0.005331893 -0.748070717 -0.961900055 0.087105505 -0.259153962 3.763973236
-0.262333304 0.016645813 0.964833736 146.801010132 0.087170020 0.996172130 0.006514599 -0.758581161 -0.961031973 0.085813574 -0.262780190 3.247806549
-0.266690582 0.017328894 0.963626385 148.832489014 0.087440960 0.996150017 0.006286169 -0.756894588 -0.959807396 0.085936889 -0.267179102 2.685852051
-0.271759659 0.017432289 0.962207258 150.882156372 0.086853758 0.996199906 0.006482277 -0.765399396 -0.958437860 0.085332930 -0.272240967 2.124839783
-0.276832819 0.017856551 0.960752189 152.932815552 0.086374268 0.996242523 0.006371866 -0.763474107 -0.957028270 0.084748231 -0.277334929 1.553001404
-0.281529248 0.017000688 0.959402025 154.973114014 0.086245634 0.996244490 0.007654586 -0.773392558 -0.955668867 0.084899239 -0.281938195 0.967388153
-0.286124915 0.017160814 0.958038628 157.027755737 0.086827151 0.996190488 0.008087327 -0.770655394 -0.954250276 0.085497744 -0.286524951 0.371791840
-0.290644228 0.017742839 0.956666648 159.106857300 0.087409489 0.996139705 0.008080889 -0.772088885 -0.952830255 0.085970409 -0.291073143 -0.240261078
-0.294441104 0.019084113 0.955479026 161.168182373 0.087830804 0.996109605 0.007170368 -0.768573165 -0.951624930 0.086031735 -0.294971883 -0.866832733
-0.298341364 0.020459536 0.954239905 163.223022461 0.087696150 0.996128857 0.006060391 -0.773843765 -0.950421810 0.085491240 -0.298980772 -1.496234894
-0.302083522 0.021544948 0.953037977 165.303237915 0.088267736 0.996081829 0.005460108 -0.777954757 -0.949186146 0.085771896 -0.302801549 -2.137214661
-0.305576682 0.022222783 0.951908112 167.381790161 0.087652639 0.996139050 0.004882426 -0.783064306 -0.948124409 0.084929220 -0.306344777 -2.794662476
-0.309380114 0.022273947 0.950677574 169.467880249 0.088062286 0.996100783 0.005320026 -0.789833426 -0.946852148 0.085364752 -0.310135245 -3.462062836
-0.313506246 0.022477044 0.949320078 171.539443970 0.087847330 0.996119320 0.005425850 -0.793399572 -0.945513964 0.085096262 -0.314264119 -4.126014709
-0.317573398 0.023738710 0.947936416 173.627059937 0.090356529 0.995895207 0.005331131 -0.796602726 -0.943918884 0.087345295 -0.318414807 -4.822528839
-0.320406646 0.024119172 0.946972907 175.715515137 0.092543036 0.995690882 0.005951774 -0.799111605 -0.942748845 0.089542761 -0.321258068 -5.536190033
-0.322777808 0.023604615 0.946180344 177.769989014 0.093361728 0.995607555 0.007011523 -0.805006623 -0.941858828 0.090600200 -0.323563874 -6.232261658
-0.325674951 0.023298301 0.945194721 179.864395142 0.093085021 0.995629609 0.007531758 -0.800933957 -0.940888405 0.090436369 -0.326420367 -6.954658508
-0.328283399 0.023946505 0.944275677 181.948104858 0.092390396 0.995699167 0.006869520 -0.803852081 -0.940050006 0.089497156 -0.329084009 -7.678413391
-0.331164360 0.026051471 0.943213403 184.050384521 0.091768436 0.995769143 0.004717044 -0.803719103 -0.939099967 0.088119321 -0.332153976 -8.411426544
-0.334514260 0.028054822 0.941973031 186.168228149 0.091415770 0.995808840 0.002805422 -0.808137357 -0.937946379 0.087049641 -0.335676849 -9.154876709
-0.337454677 0.028788399 0.940901458 188.281387329 0.090567119 0.995888352 0.002011124 -0.824187756 -0.936974883 0.085893400 -0.338674515 -9.913070679
-0.341166705 0.029898981 0.939527154 190.445373535 0.088808306 0.996048570 0.000550916 -0.831218123 -0.935798168 0.083625779 -0.342473924 -10.681232452
-0.344178885 0.030360900 0.938413084 192.569030762 0.089949280 0.995946050 0.000768121 -0.845141530 -0.934585512 0.084673956 -0.345514476 -11.472480774
-0.347862929 0.029043585 0.937095344 194.735351562 0.089122556 0.996018231 0.002213751 -0.859649539 -0.933299661 0.084286414 -0.349066257 -12.261684418
-0.351099938 0.028454660 0.935905516 196.884094238 0.089412108 0.995989382 0.003261070 -0.873376906 -0.932059169 0.084826268 -0.352236003 -13.072448730
-0.354805410 0.028498547 0.934505701 199.036148071 0.089136317 0.996013403 0.003468263 -0.876215160 -0.930681407 0.084528938 -0.355931193 -13.887359619
-0.358215958 0.029068476 0.933186054 201.190032959 0.088720515 0.996051967 0.003029821 -0.885290682 -0.929413795 0.083878085 -0.359380633 -14.704635620
-0.361695856 0.029469637 0.931830168 203.346267700 0.087917760 0.996124208 0.002622872 -0.902182758 -0.928141475 0.082873099 -0.362884969 -15.541141510
-0.365212917 0.029838823 0.930445671 205.521133423 0.087451801 0.996166050 0.002379628 -0.915580869 -0.926807284 0.082238249 -0.366422117 -16.379272461
-0.367613077 0.030650558 0.929473519 207.635375977 0.089070298 0.996022344 0.002382823 -0.936574519 -0.925703585 0.083664447 -0.368880987 -17.222553253
-0.370233983 0.030224858 0.928446710 209.777618408 0.089824855 0.995951772 0.003396770 -0.953384936 -0.924585462 0.084655203 -0.371450156 -18.069572449
-0.372872472 0.030019188 0.927396894 211.951248169 0.091432191 0.995801151 0.004528173 -0.964123785 -0.923366785 0.086482368 -0.374051511 -18.948112488
-0.375907749 0.030894691 0.926141918 214.143371582 0.092685394 0.995685697 0.004405109 -0.974691331 -0.922010183 0.087495767 -0.377149463 -19.829799652
-0.378905177 0.032182842 0.924875736 216.337265015 0.093022369 0.995657921 0.003463755 -0.983708978 -0.920748472 0.087346539 -0.380253702 -20.722568512
-0.381967872 0.032145809 0.923616290 218.513900757 0.092054538 0.995748043 0.003413483 -0.998607755 -0.919579506 0.086326927 -0.383302927 -21.607898712
-0.385017514 0.033548117 0.922299325 220.681762695 0.091903158 0.995765567 0.002144929 -1.015730619 -0.918321908 0.085588053 -0.386470437 -22.506458282
-0.388132066 0.034581713 0.920954704 222.867065430 0.091551058 0.995799661 0.001191650 -1.029498816 -0.917045116 0.084776901 -0.389667779 -23.415374756
-0.390923679 0.034580681 0.919773281 225.034210205 0.089269459 0.996007383 0.000494619 -1.048067212 -0.916083872 0.082301036 -0.392449856 -24.322425842
-0.394606799 0.035913903 0.918147981 227.207397461 0.090264261 0.995917857 -0.000161640 -1.063986778 -0.914405644 0.082812138 -0.396237671 -25.236415863
-0.397384524 0.035401981 0.916969061 229.363800049 0.091450281 0.995809078 0.001185793 -1.088731408 -0.913083971 0.084328316 -0.398956656 -26.169185638
-0.400646985 0.034315087 0.915589690 231.529678345 0.091652453 0.995787144 0.002784823 -1.110016584 -0.911636889 0.085031793 -0.402104199 -27.099433899
-0.404357523 0.033888791 0.913972974 233.659332275 0.090352878 0.995905161 0.003046955 -1.124199867 -0.910127282 0.083812140 -0.405763626 -28.023174286
-0.407542199 0.033934318 0.912555575 235.790008545 0.088882715 0.996038556 0.002655804 -1.144448519 -0.908850491 0.082192779 -0.408943892 -28.963787079
-0.411707133 0.033273019 0.910708606 237.971893311 0.087129347 0.996192515 0.002992668 -1.159329891 -0.907141507 0.080581546 -0.413038611 -29.928482056
-0.415873617 0.032386295 0.908845603 240.127410889 0.085777618 0.996307254 0.003747565 -1.177865267 -0.905368090 0.079517141 -0.417115837 -30.887840271
-0.419985443 0.032805495 0.906937718 242.278045654 0.085759461 0.996309221 0.003675344 -1.197178245 -0.903469741 0.079322092 -0.421248704 -31.869483948
-0.424016446 0.032409169 0.905074418 244.424011230 0.084856167 0.996384799 0.004075262 -1.211381674 -0.901670396 0.078529127 -0.425233692 -32.859931946
-0.428526282 0.031720437 0.902972341 246.582153320 0.083444692 0.996501744 0.004594586 -1.226363778 -0.899667859 0.077317156 -0.429674119 -33.853866577
-0.432638407 0.031692952 0.901010156 248.697326660 0.082479604 0.996582389 0.004549566 -1.236199260 -0.897786796 0.076283291 -0.433773756 -34.852760315
-0.436553031 0.032810897 0.899080038 250.832092285 0.083035350 0.996538758 0.003950702 -1.255124092 -0.895838499 0.076380119 -0.437766403 -35.875831604
-0.439998239 0.033030968 0.897390842 252.882217407 0.083170995 0.996526778 0.004099479 -1.274252534 -0.894138753 0.076440655 -0.441217303 -36.877044678
-0.443832994 0.033160135 0.895495772 255.005554199 0.083231241 0.996520758 0.004350678 -1.286813855 -0.892235875 0.076464213 -0.445048749 -37.912879944
-0.447521716 0.033493843 0.893645525 257.091186523 0.082273014 0.996602416 0.003848193 -1.304547071 -0.890480459 0.075245067 -0.448756903 -38.954208374
-0.451906949 0.033356823 0.891441345 259.217285156 0.081844509 0.996636271 0.004197109 -1.319331408 -0.888302624 0.074856251 -0.453117013 -40.016036987
-0.455270171 0.034566347 0.889682055 261.319915771 0.082588479 0.996577442 0.003542871 -1.313604593 -0.886514604 0.075090453 -0.456566840 -41.093605042
-0.458564192 0.035969216 0.887933075 263.424438477 0.083951332 0.996465385 0.002990092 -1.321853876 -0.884687006 0.075914308 -0.459962994 -42.172828674
-0.461845279 0.037830424 0.886153340 265.534729004 0.086266868 0.996269107 0.002429210 -1.338992000 -0.882755220 0.077567585 -0.463385731 -43.275657654
-0.465054810 0.038429994 0.884447277 267.658447266 0.087563373 0.996155143 0.002758262 -1.355530500 -0.880940795 0.078727938 -0.466631830 -44.386047363
-0.467780441 0.040833171 0.882901013 269.762756348 0.089442603 0.995991111 0.001325203 -1.362848878 -0.879307568 0.079588875 -0.469557315 -45.504898071
-0.470387548 0.043062765 0.881408632 271.865844727 0.091627754 0.995793283 0.000248408 -1.392388463 -0.877690017 0.080878347 -0.472354472 -46.602973938
-0.473298192 0.043891411 0.879808128 273.994964600 0.092233814 0.995737374 -0.000057068 -1.402828336 -0.876060367 0.081121042 -0.475329041 -47.724975586
-0.476592481 0.044591688 0.877992749 276.135681152 0.092666820 0.995697141 -0.000268220 -1.427615047 -0.874226809 0.081232980 -0.478673875 -48.855789185
-0.479949683 0.044606972 0.876161158 278.286437988 0.091632076 0.995792806 -0.000502801 -1.437093019 -0.872497499 0.080043137 -0.482017845 -50.024864197
-0.482782692 0.046299014 0.874515474 280.427612305 0.093058012 0.995659769 -0.001339335 -1.450763345 -0.870781898 0.080734059 -0.484995812 -51.202857971
-0.485753894 0.046364404 0.872865021 282.565765381 0.092286631 0.995731294 -0.001532768 -1.467725277 -0.869210184 0.079809234 -0.487959206 -52.388496399
-0.488101363 0.046003271 0.871573746 284.696502686 0.090597779 0.995886028 -0.001827855 -1.484039068 -0.868072093 0.078070477 -0.490260988 -53.578247070
-0.490067631 0.046974417 0.870417774 286.824554443 0.092652008 0.995697439 -0.001569988 -1.500247955 -0.866746426 0.079876557 -0.492311299 -54.774452209
-0.492087126 0.047281697 0.869260967 289.001983643 0.094769470 0.995499134 -0.000499337 -1.523584843 -0.865372181 0.082133688 -0.494353235 -55.996810913
-0.494154066 0.047629133 0.868068695 291.166656494 0.095818758 0.995398819 -0.000069988 -1.535840154 -0.864077866 0.083142675 -0.496444106 -57.219169617
-0.495561451 0.047544513 0.867270648 293.315063477 0.096034221 0.995377898 0.000306814 -1.548831105 -0.863247514 0.083439715 -0.497836858 -58.446571350
-0.497755885 0.047003303 0.866042554 295.510803223 0.095677115 0.995411873 0.000965541 -1.550798178 -0.862023771 0.083341047 -0.499969363 -59.696273804
-0.499873459 0.047787309 0.864779115 297.720458984 0.097326517 0.995251715 0.001261072 -1.551054120 -0.860612631 0.084796309 -0.502150893 -60.974700928
-0.502247751 0.047786076 0.863402367 299.914978027 0.097657636 0.995218575 0.001726586 -1.556212187 -0.859191597 0.085185029 -0.504512966 -62.242408752
-0.504171371 0.048365187 0.862248242 302.121734619 0.097220443 0.995262325 0.001020255 -1.574125409 -0.858113885 0.084342554 -0.506484866 -63.522911072
-0.505993962 0.051143073 0.861019373 304.308502197 0.097564749 0.995227575 -0.001779085 -1.586033702 -0.857001305 0.083104938 -0.508568823 -64.816574097
-0.509308100 0.050160371 0.859121144 306.530822754 0.095659561 0.995413125 -0.001408532 -1.602596760 -0.855250955 0.081465773 -0.511770308 -66.120407104
-0.513589859 0.047856949 0.856700063 308.720825195 0.092786655 0.995685935 0.000004422 -1.618000507 -0.853004158 0.079492599 -0.515814662 -67.405746460
-0.518512309 0.045769118 0.853844285 310.934997559 0.090805218 0.995867133 0.001761049 -1.631138921 -0.850234926 0.078446649 -0.520525336 -68.719161987
-0.522983372 0.044258825 0.851193011 313.155151367 0.089603133 0.995972216 0.003266474 -1.639695406 -0.847620010 0.077977873 -0.524842620 -70.067420959
-0.527785420 0.044168454 0.848228514 315.412414551 0.089819714 0.995949924 0.004027180 -1.647340178 -0.844615161 0.078313105 -0.529615104 -71.437408447
-0.532065988 0.046237346 0.845439494 317.647491455 0.092802271 0.995676637 0.003949989 -1.656064987 -0.841601789 0.080560349 -0.534056604 -72.832763672
-0.535982132 0.047372188 0.842899203 319.948516846 0.093722381 0.995591819 0.003642390 -1.653572798 -0.839010894 0.080950774 -0.538059175 -74.301834106
-0.539890647 0.047274288 0.840406597 322.144073486 0.094514705 0.995512247 0.004718497 -1.668078661 -0.836412013 0.081978232 -0.541935861 -75.697151184
-0.543562055 0.045800433 0.838118494 324.333709717 0.094981402 0.995453000 0.007201969 -1.680274725 -0.833977699 0.083520383 -0.545440674 -77.134246826
-0.547378540 0.043960661 0.835729718 326.546936035 0.092883639 0.995640934 0.008463830 -1.674180984 -0.831714749 0.082258530 -0.549075723 -78.585151672
-0.550884962 0.044081740 0.833416164 328.750579834 0.092546813 0.995671988 0.008509194 -1.676111698 -0.829434037 0.081817597 -0.552580357 -80.032287598
-0.554733276 0.044094350 0.830859005 330.940917969 0.092641883 0.995658696 0.009013095 -1.675899744 -0.826854587 0.081972212 -0.556410015 -81.493003845
-0.558240533 0.044350725 0.828492939 333.126647949 0.093903303 0.995531261 0.009979677 -1.677001476 -0.824348032 0.083369277 -0.559910595 -82.962501526
-0.562520921 0.044014126 0.825610638 335.349792480 0.094398916 0.995470881 0.011248142 -1.668557644 -0.821376324 0.084264062 -0.564128101 -84.458801270
-0.566205919 0.042941432 0.823144555 337.566345215 0.092863485 0.995607197 0.011938420 -1.663522482 -0.819016159 0.083199680 -0.567706347 -85.964897156
-0.569248974 0.042185523 0.821082175 339.765136719 0.092733994 0.995604217 0.013139538 -1.653153419 -0.816918612 0.083621904 -0.570658743 -87.485336304
-0.571744204 0.041864756 0.819363117 341.947814941 0.093656719 0.995499074 0.014488506 -1.645490646 -0.815068722 0.085022569 -0.573091745 -88.997924805
-0.574719489 0.040996946 0.817322850 344.155914307 0.091235526 0.995728076 0.014208624 -1.635474205 -0.813248694 0.082734868 -0.576004744 -90.542427063
-0.577652872 0.040212400 0.815291405 346.302062988 0.087442182 0.996087015 0.012825088 -1.621933460 -0.811585486 0.078699306 -0.578908801 -92.038360596
-0.581133783 0.039723836 0.812837899 348.469604492 0.084121831 0.996389687 0.011448317 -1.607945204 -0.809448600 0.075030416 -0.582377315 -93.548248291
-0.583719790 0.036992822 0.811112046 350.625671387 0.082088366 0.996531844 0.013625817 -1.606138229 -0.807794988 0.074536517 -0.584732056 -95.091453552
-0.587094069 0.036589790 0.808691323 352.792083740 0.083048418 0.996429622 0.015207387 -1.595100880 -0.805247486 0.076088712 -0.588036537 -96.636497498
-0.590328872 0.036926232 0.806317747 354.958435059 0.082502469 0.996481419 0.014767468 -1.579090118 -0.802935362 0.075240858 -0.591298223 -98.191352844
-0.593775928 0.035511430 0.803846419 357.144989014 0.080152959 0.996667027 0.015176817 -1.569270134 -0.800628304 0.073442303 -0.594643235 -99.767517090
-0.597078145 0.031802859 0.801552415 359.314758301 0.077974595 0.996783137 0.018534508 -1.559013367 -0.798384428 0.073567286 -0.597637177 -101.356071472
-0.600128651 0.029613921 0.799355090 361.487854004 0.075611897 0.996940076 0.019832943 -1.531703949 -0.796321809 0.072343074 -0.600531459 -102.962936401
-0.603436947 0.028671769 0.796895027 363.680358887 0.074114777 0.997044086 0.020249322 -1.503689766 -0.793958962 0.071280882 -0.603778303 -104.586997986
-0.606892645 0.028686633 0.794265926 365.828613281 0.073605895 0.997082233 0.020229921 -1.483022690 -0.791368127 0.070740044 -0.607233346 -106.184318542
-0.609620094 0.028136784 0.792194188 367.971374512 0.073482580 0.997072577 0.021133751 -1.461367130 -0.789280593 0.071096033 -0.609902918 -107.809036255
-0.613207817 0.027042910 0.789458513 370.112457275 0.072774075 0.997097492 0.022371314 -1.443252563 -0.786562085 0.071170390 -0.613396108 -109.425971985
-0.616246164 0.025522448 0.787139952 372.254394531 0.069628678 0.997326493 0.022174191 -1.419837952 -0.784469604 0.068472274 -0.616375685 -111.066688538
-0.619544506 0.021890506 0.784656227 374.388885498 0.059552372 0.998040915 0.019177476 -1.396304131 -0.782699287 0.058609452 -0.619634390 -112.707336426
-0.623637080 0.024391269 0.781333506 376.529113770 0.052222021 0.998580217 0.010508875 -1.389868259 -0.779967725 0.047356531 -0.624025285 -114.350387573
-0.626429677 0.034622479 0.778708637 378.645843506 0.062346257 0.998037755 0.005780092 -1.394050598 -0.776980579 0.052170388 -0.627359092 -116.028068542
-0.627446055 0.035717614 0.777840436 380.753662109 0.069779575 0.997507334 0.010483323 -1.403511286 -0.775527060 0.060855098 -0.628374398 -117.711502075
-0.629324138 0.026775353 0.776681483 382.865661621 0.069071852 0.997378111 0.021583401 -1.385354996 -0.774067342 0.067229778 -0.629523516 -119.413688660
-0.632810175 0.015974695 0.774142087 384.998046875 0.062636487 0.997566819 0.030616062 -1.339232445 -0.771769404 0.067863710 -0.632271051 -121.106307983
-0.636315465 0.009860562 0.771365941 387.096618652 0.056594033 0.997820556 0.033930179 -1.283421516 -0.769350171 0.065245010 -0.635486722 -122.785667419
-0.638744831 0.009536223 0.769359469 389.167785645 0.055498205 0.997889638 0.033707380 -1.223935127 -0.767414331 0.064228497 -0.637926221 -124.479881287
-0.641504288 0.014357510 0.766985118 391.252532959 0.060665358 0.997642934 0.032065056 -1.178965569 -0.764716923 0.067099288 -0.640863240 -126.194969177
-0.643659413 0.020805830 0.765029192 393.294830322 0.065101758 0.997495592 0.027645539 -1.129963875 -0.762537956 0.067599058 -0.643401980 -127.893798828
-0.646072865 0.023791961 0.762904823 395.360046387 0.066052534 0.997507155 0.024828903 -1.091520309 -0.760412276 0.066433072 -0.646033823 -129.628082275
-0.649411976 0.023756646 0.760065615 397.428802490 0.066185571 0.997484803 0.025372576 -1.053448677 -0.757551014 0.066782638 -0.649350822 -131.361602783
-0.652003884 0.023148026 0.757862210 399.451049805 0.066995621 0.997383296 0.027173748 -1.011774063 -0.755249977 0.068490848 -0.651848495 -133.085693359
-0.654415607 0.023455236 0.755771160 401.477050781 0.067829028 0.997310102 0.027781198 -0.956249237 -0.753086627 0.069443688 -0.654246211 -134.828308105
-0.655691862 0.023243582 0.754670739 403.517120361 0.068422981 0.997242510 0.028734272 -0.918108940 -0.751921833 0.070477657 -0.655474186 -136.588531494
-0.656467915 0.022889186 0.754006565 405.554656982 0.068275690 0.997240067 0.029170539 -0.874142647 -0.751257837 0.070629843 -0.656218708 -138.356048584
-0.657522440 0.023763083 0.753060043 407.580688477 0.069417365 0.997161806 0.029144844 -0.828278542 -0.750230312 0.071438834 -0.657305777 -140.126647949
-0.658227265 0.023086499 0.752465189 409.595611572 0.070365764 0.997040510 0.030962871 -0.775979996 -0.749523580 0.073328391 -0.657903790 -141.893005371
-0.659355104 0.022081535 0.751507342 411.641113281 0.072101377 0.996818662 0.033970542 -0.730200768 -0.748366356 0.076583371 -0.658849537 -143.678710938
-0.660571039 0.021898862 0.750444174 413.668731689 0.073686816 0.996639371 0.035778951 -0.669357300 -0.747138679 0.078932367 -0.659964800 -145.447998047
-0.661885321 0.022210179 0.749275982 415.692260742 0.072385430 0.996783435 0.034396008 -0.599703789 -0.746102035 0.077002883 -0.661363959 -147.208663940
-0.663370192 0.022192925 0.747962058 417.695098877 0.068320028 0.997181535 0.031005720 -0.540889740 -0.745166004 0.071669064 -0.663016856 -148.957839966
-0.665026665 0.021475468 0.746510565 419.696350098 0.065301917 0.997429967 0.029480146 -0.491364479 -0.743959129 0.068353668 -0.664719999 -150.708160400
-0.665908515 0.020750640 0.745744646 421.694915771 0.064558715 0.997466147 0.029892458 -0.439651489 -0.743234754 0.068049975 -0.665560842 -152.469894409
-0.666996956 0.019367920 0.744808674 423.653137207 0.062093485 0.997629404 0.029664209 -0.389427185 -0.742468536 0.066033706 -0.666618347 -154.229583740
-0.667586982 0.018431194 0.744303524 425.645385742 0.059525307 0.997814655 0.028681045 -0.342893600 -0.742148519 0.063451990 -0.667225301 -156.001388550
-0.669269919 0.017176805 0.742820740 427.648529053 0.057949342 0.997894228 0.029136397 -0.301105499 -0.740756094 0.062546097 -0.668856084 -157.754425049
-0.669789433 0.015904449 0.742380738 429.624816895 0.058465712 0.997796357 0.031372469 -0.249278069 -0.740245819 0.064416766 -0.669243336 -159.519958496
-0.669924557 0.015005549 0.742277443 431.611083984 0.061355513 0.997494757 0.035210017 -0.194030762 -0.739889562 0.069130868 -0.669166803 -161.289184570
-0.669296145 0.014116147 0.742861629 433.605407715 0.065862387 0.997010767 0.040394470 -0.122007370 -0.740070820 0.075962499 -0.668225169 -163.069488525
-0.668205798 0.013426900 0.743855298 435.601867676 0.069790274 0.996559501 0.044704337 -0.043098450 -0.740695834 0.081785567 -0.666843891 -164.845870972
-0.666800737 0.010842321 0.745157063 437.571197510 0.063874528 0.997046053 0.042650454 0.039688110 -0.742493689 0.076035909 -0.665523767 -166.580596924
-0.666040182 0.010145036 0.745846808 439.564270020 0.056544911 0.997717083 0.036923554 0.117727280 -0.743769407 0.066766411 -0.665093362 -168.330261230
-0.663664043 0.008095230 0.747986972 441.547943115 0.052062552 0.998016477 0.035392165 0.177855492 -0.746216834 0.062430624 -0.662769139 -170.093048096
-0.661322832 0.008092199 0.750057757 443.544647217 0.050454617 0.998157203 0.033716734 0.238495827 -0.748402596 0.060141522 -0.660512328 -171.825927734
-0.658451200 0.008677233 0.752573311 445.539916992 0.052371524 0.998037875 0.034314122 0.298689842 -0.750798941 0.062007587 -0.657613695 -173.560821533
-0.655414581 0.008521314 0.755221248 447.529998779 0.052946772 0.997994661 0.034688979 0.356797218 -0.753411174 0.062722184 -0.654551446 -175.268875122
-0.652875304 0.009336933 0.757407784 449.525390625 0.050810911 0.998211622 0.031492885 0.409165382 -0.755759060 0.059045523 -0.652182221 -176.976531982
-0.651566267 0.004236878 0.758579969 451.542480469 0.043383740 0.998555899 0.031686366 0.466631889 -0.757350028 0.053555794 -0.650809288 -178.675537109
-0.650668681 -0.002346192 0.759358108 453.566558838 0.034324512 0.998882234 0.032497775 0.514542580 -0.758585572 0.047209874 -0.649860859 -180.370269775
-0.650272727 -0.006023354 0.759676933 455.598175049 0.027066877 0.999149919 0.031090962 0.565046310 -0.759218514 0.040779684 -0.649556994 -182.060668945
-0.649533272 -0.006322327 0.760306835 457.620483398 0.025697064 0.999211550 0.030262053 0.614651680 -0.759898603 0.039193865 -0.648858786 -183.763488770
-0.648369968 -0.006244234 0.761299610 459.645324707 0.027695179 0.999111056 0.031781714 0.665190697 -0.760821521 0.041690636 -0.647620738 -185.469116211
-0.646993399 -0.007045178 0.762463212 461.673400879 0.029228985 0.998993218 0.034033176 0.722654343 -0.761935174 0.044305254 -0.646135926 -187.156280518
-0.645748973 -0.009336549 0.763492644 463.679260254 0.027850591 0.998971760 0.035771716 0.785608292 -0.763041675 0.044363279 -0.644824922 -188.834625244
-0.645064592 -0.009338573 0.764070928 465.723815918 0.026241902 0.999064744 0.034365341 0.845247269 -0.763677180 0.042218551 -0.644216299 -190.516769409
-0.644439101 -0.008640727 0.764606953 467.756683350 0.024758348 0.999176085 0.032158826 0.906155586 -0.764254689 0.039654803 -0.643694282 -192.190795898
-0.643503964 -0.006985131 0.765410900 469.803680420 0.025778834 0.999193311 0.030791670 0.956447601 -0.765008569 0.039545972 -0.642804801 -193.884552002
-0.643582582 -0.006825531 0.765346229 471.829864502 0.027285201 0.999119997 0.031854611 1.004159927 -0.764890194 0.041383706 -0.642830014 -195.532806396
